1.0 24.203268501780023 
1.0 23.192361672972062 
1.0 21.057836303154936 
1.0 21.057836303154936 
1.0 20.992516319987587 
1.0 20.992516319987587 
1.0 20.818859130407855 
1.0 20.818859130407855 
1.0 20.818859130407855 
1.0 20.84190334887164 
1.0 20.838377730124797 
1.0 20.838377730124797 
1.0 20.783797351133746 
1.0 20.783797351133746 
1.0 20.6132236484466 
1.0 20.6132236484466 
1.0 20.62089348013279 
1.0 20.62089348013279 
1.0 20.67232397098813 
1.0 20.67232397098813 
1.0 20.67232397098813 
1.0 20.67232397098813 
1.0 20.67232397098813 
1.0 20.67232397098813 
1.0 20.44057357163338 
1.0 20.44057357163338 
1.0 20.528679288602596 
1.0 20.528679288602596 
1.0 20.528679288602596 
1.0 20.528679288602596 
1.0 20.528679288602596 
1.0 20.528679288602596 
1.0 20.528679288602596 
1.0 20.528679288602596 
1.0 20.528679288602596 
1.0 20.528679288602596 
1.0 20.446561999871527 
1.0 20.446561999871527 
1.0 20.446561999871527 
1.0 20.446561999871527 
1.0 20.46815366275646 
1.0 20.46815366275646 
1.0 20.46815366275646 
1.0 20.46815366275646 
1.0 20.46815366275646 
1.0 20.46815366275646 
1.0 20.46815366275646 
1.0 20.46815366275646 
1.0 20.46815366275646 
1.0 20.46815366275646 
1.0 20.46815366275646 
1.0 20.46815366275646 
1.0 20.46815366275646 
1.0 20.46815366275646 
1.0 20.46815366275646 
1.0 20.46815366275646 
1.0 20.46815366275646 
1.0 20.46815366275646 
1.0 20.39831676125079 
1.0 20.39831676125079 
1.0 20.39831676125079 
1.0 20.39831676125079 
1.0 20.39831676125079 
1.0 20.39831676125079 
1.0 20.436575687426927 
1.0 20.436575687426927 
1.0 20.422619925192482 
1.0 20.422619925192482 
1.0 20.422619925192482 
1.0 20.422619925192482 
1.0 20.422619925192482 
1.0 20.422619925192482 
1.0 20.422619925192482 
1.0 20.422619925192482 
1.0 20.422619925192482 
1.0 20.422619925192482 
1.0 20.422619925192482 
1.0 20.422619925192482 
1.0 20.422619925192482 
1.0 20.422619925192482 
1.0 20.422619925192482 
1.0 20.422619925192482 
1.0 20.422619925192482 
1.0 20.422619925192482 
1.0 20.391060976410593 
1.0 20.391060976410593 
1.0 20.391060976410593 
1.0 20.391060976410593 
1.0 20.391060976410593 
1.0 20.391060976410593 
1.0 20.391060976410593 
1.0 20.391060976410593 
1.0 20.391060976410593 
1.0 20.391060976410593 
1.0 20.391060976410593 
1.0 20.391060976410593 
1.0 20.391060976410593 
1.0 20.391060976410593 
1.0 20.391060976410593 
1.0 20.391060976410593 
1.0 20.391060976410593 
1.0 20.391060976410593 
1.0 20.391060976410593 
1.0 20.391060976410593 
1.0 20.399188322170794 
1.0 20.399188322170794 
1.0 20.399188322170794 
1.0 20.399188322170794 
1.0 20.399188322170794 
1.0 20.399188322170794 
1.0 20.399188322170794 
1.0 20.399188322170794 
1.0 20.399188322170794 
1.0 20.399188322170794 
1.0 20.399188322170794 
1.0 20.399188322170794 
1.0 20.399188322170794 
1.0 20.399188322170794 
1.0 20.399188322170794 
1.0 20.399188322170794 
1.0 20.399188322170794 
1.0 20.399188322170794 
1.0 20.399188322170794 
1.0 20.399188322170794 
1.0 20.399188322170794 
1.0 20.399188322170794 
1.0 20.399188322170794 
1.0 20.399188322170794 
1.0 20.429023144767896 
1.0 20.429023144767896 
1.0 20.429023144767896 
1.0 20.429023144767896 
1.0 20.429023144767896 
1.0 20.429023144767896 
1.0 20.429023144767896 
1.0 20.429023144767896 
1.0 20.429023144767896 
1.0 20.429023144767896 
1.0 20.429023144767896 
1.0 20.429023144767896 
1.0 20.429023144767896 
1.0 20.429023144767896 
1.0 20.429023144767896 
1.0 20.429023144767896 
1.0 20.429023144767896 
1.0 20.429023144767896 
1.0 20.429023144767896 
1.0 20.429023144767896 
1.0 20.419077751641098 
1.0 20.419077751641098 
1.0 20.419077751641098 
1.0 20.419077751641098 
1.0 20.419077751641098 
1.0 20.419077751641098 
1.0 20.419077751641098 
1.0 20.419077751641098 
1.0 20.419077751641098 
1.0 20.419077751641098 
1.0 20.419077751641098 
1.0 20.419077751641098 
1.0 20.419077751641098 
1.0 20.419077751641098 
1.0 20.419077751641098 
1.0 20.419077751641098 
1.0 20.419077751641098 
1.0 20.419077751641098 
1.0 20.419077751641098 
1.0 20.419077751641098 
1.0 20.419077751641098 
1.0 20.419077751641098 
1.0 20.419077751641098 
1.0 20.419077751641098 
1.0 20.419077751641098 
1.0 20.419077751641098 
1.0 20.419077751641098 
1.0 20.419077751641098 
1.0 20.419077751641098 
1.0 20.419077751641098 
1.0 20.419077751641098 
1.0 20.419077751641098 
1.0 20.419077751641098 
1.0 20.419077751641098 
1.0 20.419077751641098 
1.0 20.419077751641098 
1.0 20.419077751641098 
1.0 20.419077751641098 
1.0 20.419077751641098 
1.0 20.419077751641098 
1.0 20.419077751641098 
1.0 20.419077751641098 
1.0 20.419077751641098 
1.0 20.419077751641098 
1.0 20.419077751641098 
1.0 20.419077751641098 
1.0 20.419077751641098 
1.0 20.419077751641098 
1.0 20.419077751641098 
1.0 20.419077751641098 
1.0 20.419077751641098 
1.0 20.419077751641098 
1.0 20.419077751641098 
1.0 20.419077751641098 
1.0 20.419077751641098 
1.0 20.419077751641098 
1.0 20.419077751641098 
1.0 20.419077751641098 
1.0 20.419077751641098 
1.0 20.419077751641098 
1.0 20.419077751641098 
1.0 20.419077751641098 
1.0 20.419077751641098 
1.0 20.419077751641098 
1.0 20.419077751641098 
1.0 20.419077751641098 
1.0 20.419077751641098 
1.0 20.419077751641098 
1.0 20.419077751641098 
1.0 20.419077751641098 
1.0 20.419077751641098 
1.0 20.419077751641098 
1.0 20.419077751641098 
1.0 20.419077751641098 
1.0 20.419077751641098 
1.0 20.419077751641098 
1.0 20.419077751641098 
1.0 20.419077751641098 
1.0 20.419077751641098 
1.0 20.419077751641098 
1.0 20.419077751641098 
1.0 20.419077751641098 
1.0 20.419077751641098 
1.0 20.419077751641098 
1.0 20.419077751641098 
1.0 20.419077751641098 
1.0 20.419077751641098 
1.0 20.419077751641098 
1.0 20.419077751641098 
1.0 20.419077751641098 
1.0 20.419077751641098 
1.0 20.419077751641098 
1.0 20.419077751641098 
1.0 20.419077751641098 
1.0 20.419077751641098 
1.0 20.419077751641098 
1.0 20.419077751641098 
1.0 20.419077751641098 
1.0 20.419077751641098 
1.0 20.419077751641098 
1.0 20.419077751641098 
1.0 20.419077751641098 
1.0 20.419077751641098 
1.0 20.419077751641098 
1.0 20.419077751641098 
1.0 20.419077751641098 
1.0 20.419077751641098 
1.0 20.419077751641098 
1.0 20.419077751641098 
1.0 20.419077751641098 
1.0 20.419077751641098 
1.0 20.419077751641098 
1.0 20.419077751641098 
1.0 20.419077751641098 
1.0 20.419077751641098 
1.0 20.419077751641098 
1.0 20.419077751641098 
1.0 20.419077751641098 
1.0 20.419077751641098 
1.0 20.419077751641098 
1.0 20.419077751641098 
1.0 20.419077751641098 
1.0 20.419077751641098 
1.0 20.419077751641098 
1.0 20.419077751641098 
1.0 20.419077751641098 
1.0 20.419077751641098 
1.0 20.419077751641098 
1.0 20.419077751641098 
1.0 20.419077751641098 
1.0 20.419077751641098 
1.0 20.419077751641098 
1.0 20.419077751641098 
1.0 20.419077751641098 
1.0 20.419077751641098 
1.0 20.419077751641098 
1.0 20.419077751641098 
1.0 20.419077751641098 
1.0 20.419077751641098 
1.0 20.419077751641098 
1.0 20.419077751641098 
1.0 20.419077751641098 
1.0 20.419077751641098 
1.0 20.419077751641098 
1.0 20.419077751641098 
1.0 20.419077751641098 
1.0 20.419077751641098 
1.0 20.419077751641098 
1.0 20.419077751641098 
1.0 20.419077751641098 
1.0 20.419077751641098 
1.0 20.419077751641098 
1.0 20.419077751641098 
1.0 20.419077751641098 
1.0 20.42328924867906 
1.0 20.42328924867906 
1.0 20.42328924867906 
1.0 20.42328924867906 
1.0 20.42328924867906 
1.0 20.42328924867906 
1.0 20.42328924867906 
1.0 20.42328924867906 
1.0 20.42328924867906 
1.0 20.42328924867906 
1.0 20.42328924867906 
1.0 20.42328924867906 
1.0 20.42328924867906 
1.0 20.42328924867906 
1.0 20.42328924867906 
1.0 20.42328924867906 
1.0 20.42328924867906 
1.0 20.42328924867906 
1.0 20.412021661790025 
1.0 20.412021661790025 
1.0 20.412021661790025 
1.0 20.412021661790025 
1.0 20.412021661790025 
1.0 20.412021661790025 
1.0 20.412021661790025 
1.0 20.412021661790025 
1.0 20.412021661790025 
1.0 20.412021661790025 
1.0 20.412021661790025 
1.0 20.412021661790025 
1.0 20.412021661790025 
1.0 20.412021661790025 
1.0 20.412021661790025 
1.0 20.412021661790025 
1.0 20.412021661790025 
1.0 20.412021661790025 
1.0 20.412021661790025 
1.0 20.412021661790025 
1.0 20.412021661790025 
1.0 20.412021661790025 
1.0 20.412021661790025 
1.0 20.412021661790025 
1.0 20.412021661790025 
1.0 20.412021661790025 
1.0 20.412021661790025 
1.0 20.412021661790025 
1.0 20.412021661790025 
1.0 20.412021661790025 
1.0 20.412021661790025 
1.0 20.412021661790025 
1.0 20.412021661790025 
1.0 20.412021661790025 
1.0 20.412021661790025 
1.0 20.412021661790025 
1.0 20.412021661790025 
1.0 20.412021661790025 
1.0 20.412021661790025 
1.0 20.412021661790025 
1.0 20.412021661790025 
1.0 20.412021661790025 
1.0 20.412021661790025 
1.0 20.412021661790025 
1.0 20.412021661790025 
1.0 20.412021661790025 
1.0 20.412021661790025 
1.0 20.412021661790025 
1.0 20.412021661790025 
1.0 20.412021661790025 
1.0 20.412021661790025 
1.0 20.412021661790025 
1.0 20.412021661790025 
1.0 20.412021661790025 
1.0 20.412021661790025 
1.0 20.412021661790025 
1.0 20.412021661790025 
1.0 20.412021661790025 
1.0 20.412021661790025 
1.0 20.412021661790025 
1.0 20.412021661790025 
1.0 20.412021661790025 
1.0 20.412021661790025 
1.0 20.412021661790025 
1.0 20.412021661790025 
1.0 20.412021661790025 
1.0 20.412021661790025 
1.0 20.412021661790025 
1.0 20.412021661790025 
1.0 20.412021661790025 
1.0 20.412021661790025 
1.0 20.412021661790025 
1.0 20.412021661790025 
1.0 20.412021661790025 
1.0 20.412021661790025 
1.0 20.412021661790025 
1.0 20.412021661790025 
1.0 20.412021661790025 
1.0 20.412021661790025 
1.0 20.412021661790025 
1.0 20.412021661790025 
1.0 20.412021661790025 
1.0 20.412021661790025 
1.0 20.412021661790025 
1.0 20.412021661790025 
1.0 20.412021661790025 
1.0 20.412021661790025 
1.0 20.412021661790025 
1.0 20.412021661790025 
1.0 20.412021661790025 
1.0 20.412021661790025 
1.0 20.412021661790025 
1.0 20.412021661790025 
1.0 20.412021661790025 
1.0 20.412021661790025 
1.0 20.412021661790025 
1.0 20.412021661790025 
1.0 20.412021661790025 
1.0 20.412021661790025 
1.0 20.412021661790025 
1.0 20.412021661790025 
1.0 20.412021661790025 
1.0 20.412021661790025 
1.0 20.412021661790025 
1.0 20.412021661790025 
1.0 20.412021661790025 
1.0 20.412021661790025 
1.0 20.412021661790025 
1.0 20.412021661790025 
1.0 20.412021661790025 
1.0 20.412021661790025 
1.0 20.412021661790025 
1.0 20.412021661790025 
1.0 20.412021661790025 
1.0 20.412021661790025 
1.0 20.412021661790025 
1.0 20.412021661790025 
1.0 20.412021661790025 
1.0 20.412021661790025 
1.0 20.412021661790025 
1.0 20.412021661790025 
1.0 20.412021661790025 
1.0 20.412021661790025 
1.0 20.412021661790025 
1.0 20.412021661790025 
1.0 20.412021661790025 
1.0 20.412021661790025 
1.0 20.412021661790025 
1.0 20.412021661790025 
1.0 20.412021661790025 
1.0 20.412021661790025 
1.0 20.412021661790025 
1.0 20.412021661790025 
1.0 20.412021661790025 
1.0 20.412021661790025 
1.0 20.412021661790025 
1.0 20.412021661790025 
1.0 20.412021661790025 
1.0 20.412021661790025 
1.0 20.412021661790025 
1.0 20.412021661790025 
1.0 20.412021661790025 
1.0 20.412021661790025 
1.0 20.412021661790025 
1.0 20.412021661790025 
1.0 20.412021661790025 
1.0 20.412021661790025 
1.0 20.412021661790025 
1.0 20.412021661790025 
1.0 20.412021661790025 
1.0 20.412021661790025 
1.0 20.412021661790025 
1.0 20.412021661790025 
1.0 20.412021661790025 
1.0 20.412021661790025 
1.0 20.412021661790025 
1.0 20.412021661790025 
1.0 20.412021661790025 
1.0 20.412021661790025 
1.0 20.412021661790025 
1.0 20.412021661790025 
1.0 20.412021661790025 
1.0 20.412021661790025 
1.0 20.412021661790025 
1.0 20.412021661790025 
1.0 20.412021661790025 
1.0 20.412021661790025 
1.0 20.412021661790025 
1.0 20.412021661790025 
1.0 20.412021661790025 
1.0 20.412021661790025 
1.0 20.412021661790025 
1.0 20.412021661790025 
1.0 20.412021661790025 
1.0 20.412021661790025 
1.0 20.412021661790025 
1.0 20.412021661790025 
1.0 20.412021661790025 
1.0 20.412021661790025 
1.0 20.412021661790025 
1.0 20.412021661790025 
1.0 20.412021661790025 
1.0 20.412021661790025 
1.0 20.412021661790025 
1.0 20.412021661790025 
1.0 20.412021661790025 
1.0 20.412021661790025 
1.0 20.412021661790025 
1.0 20.412021661790025 
1.0 20.412021661790025 
1.0 20.412021661790025 
1.0 20.412021661790025 
1.0 20.412021661790025 
1.0 20.412021661790025 
1.0 20.412021661790025 
1.0 20.412021661790025 
1.0 20.412021661790025 
1.0 20.412021661790025 
1.0 20.412021661790025 
1.0 20.412021661790025 
1.0 20.412021661790025 
1.0 20.412021661790025 
1.0 20.412021661790025 
1.0 20.412021661790025 
1.0 20.412021661790025 
1.0 20.412021661790025 
1.0 20.412021661790025 
1.0 20.412021661790025 
1.0 20.412021661790025 
1.0 20.412021661790025 
1.0 20.412021661790025 
1.0 20.412021661790025 
1.0 20.412021661790025 
1.0 20.412021661790025 
1.0 20.412021661790025 
1.0 20.412021661790025 
1.0 20.412021661790025 
1.0 20.412021661790025 
1.0 20.412021661790025 
1.0 20.412021661790025 
1.0 20.412021661790025 
1.0 20.412021661790025 
1.0 20.412021661790025 
1.0 20.412021661790025 
1.0 20.412021661790025 
1.0 20.412021661790025 
1.0 20.412021661790025 
1.0 20.412021661790025 
1.0 20.412021661790025 
1.0 20.412021661790025 
1.0 20.412021661790025 
1.0 20.412021661790025 
1.0 20.412021661790025 
1.0 20.412021661790025 
1.0 20.412021661790025 
1.0 20.412021661790025 
1.0 20.412021661790025 
1.0 20.412021661790025 
1.0 20.412021661790025 
1.0 20.412021661790025 
1.0 20.412021661790025 
1.0 20.412021661790025 
1.0 20.412021661790025 
1.0 20.412021661790025 
1.0 20.412021661790025 
1.0 20.412021661790025 
1.0 20.412021661790025 
1.0 20.412021661790025 
1.0 20.412021661790025 
1.0 20.412021661790025 
1.0 20.412021661790025 
1.0 20.412021661790025 
1.0 20.412021661790025 
1.0 20.412021661790025 
1.0 20.412021661790025 
1.0 20.412021661790025 
1.0 20.412021661790025 
1.0 20.412021661790025 
1.0 20.412021661790025 
1.0 20.412021661790025 
1.0 20.412021661790025 
1.0 20.412021661790025 
1.0 20.412021661790025 
1.0 20.412021661790025 
1.0 20.412021661790025 
1.0 20.412021661790025 
1.0 20.412021661790025 
1.0 20.412021661790025 
1.0 20.412021661790025 
1.0 20.412021661790025 
1.0 20.412021661790025 
1.0 20.412021661790025 
1.0 20.412021661790025 
1.0 20.412021661790025 
1.0 20.412021661790025 
1.0 20.412021661790025 
1.0 20.412021661790025 
1.0 20.412021661790025 
1.0 20.412021661790025 
1.0 20.412021661790025 
1.0 20.412021661790025 
1.0 20.412021661790025 
1.0 20.412021661790025 
1.0 20.412021661790025 
1.0 20.412021661790025 
1.0 20.412021661790025 
1.0 20.412021661790025 
1.0 20.412021661790025 
1.0 20.412021661790025 
1.0 20.412021661790025 
1.0 20.412021661790025 
1.0 20.412021661790025 
1.0 20.412021661790025 
1.0 20.412021661790025 
1.0 20.412021661790025 
1.0 20.412021661790025 
1.0 20.412021661790025 
1.0 20.412021661790025 
1.0 20.412021661790025 
1.0 20.412021661790025 
1.0 20.412021661790025 
1.0 20.412021661790025 
