2.0 0.6934532620614036 
2.0 0.5461267304002193 
2.0 0.321258759080318 
2.0 0.321258759080318 
2.0 0.2859575023985746 
2.0 0.2859575023985746 
2.0 0.2882465135005482 
2.0 0.2882465135005482 
2.0 0.2882465135005482 
2.0 0.28816455506441885 
2.0 0.23056574235882676 
2.0 0.23056574235882676 
2.0 0.2331749417489035 
2.0 0.2331749417489035 
2.0 0.2500717002467105 
2.0 0.2500717002467105 
2.0 0.23931591368558117 
2.0 0.23931591368558117 
2.0 0.21870277806332236 
2.0 0.21870277806332236 
2.0 0.21870277806332236 
2.0 0.21870277806332236 
2.0 0.21870277806332236 
2.0 0.21870277806332236 
2.0 0.22907462136787282 
2.0 0.22907462136787282 
2.0 0.21048558285361843 
2.0 0.21048558285361843 
2.0 0.21048558285361843 
2.0 0.21048558285361843 
2.0 0.21048558285361843 
2.0 0.21048558285361843 
2.0 0.21048558285361843 
2.0 0.21048558285361843 
2.0 0.21048558285361843 
2.0 0.21048558285361843 
2.0 0.2225464509662829 
2.0 0.2225464509662829 
2.0 0.2225464509662829 
2.0 0.2225464509662829 
2.0 0.214643768845943 
2.0 0.214643768845943 
2.0 0.214643768845943 
2.0 0.214643768845943 
2.0 0.214643768845943 
2.0 0.214643768845943 
2.0 0.214643768845943 
2.0 0.214643768845943 
2.0 0.214643768845943 
2.0 0.214643768845943 
2.0 0.214643768845943 
2.0 0.214643768845943 
2.0 0.214643768845943 
2.0 0.214643768845943 
2.0 0.214643768845943 
2.0 0.214643768845943 
2.0 0.214643768845943 
2.0 0.214643768845943 
2.0 0.22686227898848682 
2.0 0.22686227898848682 
2.0 0.22686227898848682 
2.0 0.22686227898848682 
2.0 0.22686227898848682 
2.0 0.22686227898848682 
2.0 0.21627976802357457 
2.0 0.21627976802357457 
2.0 0.21276761239035089 
2.0 0.21276761239035089 
2.0 0.21276761239035089 
2.0 0.21276761239035089 
2.0 0.21276761239035089 
2.0 0.21276761239035089 
2.0 0.21276761239035089 
2.0 0.21276761239035089 
2.0 0.21276761239035089 
2.0 0.21276761239035089 
2.0 0.21276761239035089 
2.0 0.21276761239035089 
2.0 0.21276761239035089 
2.0 0.21276761239035089 
2.0 0.21276761239035089 
2.0 0.21276761239035089 
2.0 0.21276761239035089 
2.0 0.21276761239035089 
2.0 0.21993842944764255 
2.0 0.21993842944764255 
2.0 0.21993842944764255 
2.0 0.21993842944764255 
2.0 0.21993842944764255 
2.0 0.21993842944764255 
2.0 0.21993842944764255 
2.0 0.21993842944764255 
2.0 0.21993842944764255 
2.0 0.21993842944764255 
2.0 0.21993842944764255 
2.0 0.21993842944764255 
2.0 0.21993842944764255 
2.0 0.21993842944764255 
2.0 0.21993842944764255 
2.0 0.21993842944764255 
2.0 0.21993842944764255 
2.0 0.21993842944764255 
2.0 0.21993842944764255 
2.0 0.21993842944764255 
2.0 0.216591582716557 
2.0 0.216591582716557 
2.0 0.216591582716557 
2.0 0.216591582716557 
2.0 0.216591582716557 
2.0 0.216591582716557 
2.0 0.216591582716557 
2.0 0.216591582716557 
2.0 0.216591582716557 
2.0 0.216591582716557 
2.0 0.216591582716557 
2.0 0.216591582716557 
2.0 0.216591582716557 
2.0 0.216591582716557 
2.0 0.216591582716557 
2.0 0.216591582716557 
2.0 0.216591582716557 
2.0 0.216591582716557 
2.0 0.216591582716557 
2.0 0.216591582716557 
2.0 0.216591582716557 
2.0 0.216591582716557 
2.0 0.216591582716557 
2.0 0.216591582716557 
2.0 0.20735525030838814 
2.0 0.20735525030838814 
2.0 0.20735525030838814 
2.0 0.20735525030838814 
2.0 0.20735525030838814 
2.0 0.20735525030838814 
2.0 0.20735525030838814 
2.0 0.20735525030838814 
2.0 0.20735525030838814 
2.0 0.20735525030838814 
2.0 0.20735525030838814 
2.0 0.20735525030838814 
2.0 0.20735525030838814 
2.0 0.20735525030838814 
2.0 0.20735525030838814 
2.0 0.20735525030838814 
2.0 0.20735525030838814 
2.0 0.20735525030838814 
2.0 0.20735525030838814 
2.0 0.20735525030838814 
2.0 0.20740626284950656 
2.0 0.20740626284950656 
2.0 0.20740626284950656 
2.0 0.20740626284950656 
2.0 0.20740626284950656 
2.0 0.20740626284950656 
2.0 0.20740626284950656 
2.0 0.20740626284950656 
2.0 0.20740626284950656 
2.0 0.20740626284950656 
2.0 0.20740626284950656 
2.0 0.20740626284950656 
2.0 0.20740626284950656 
2.0 0.20740626284950656 
2.0 0.20740626284950656 
2.0 0.20740626284950656 
2.0 0.20740626284950656 
2.0 0.20740626284950656 
2.0 0.20740626284950656 
2.0 0.20740626284950656 
2.0 0.20740626284950656 
2.0 0.20740626284950656 
2.0 0.20740626284950656 
2.0 0.20740626284950656 
2.0 0.20740626284950656 
2.0 0.20740626284950656 
2.0 0.20740626284950656 
2.0 0.20740626284950656 
2.0 0.20740626284950656 
2.0 0.20740626284950656 
2.0 0.20740626284950656 
2.0 0.20740626284950656 
2.0 0.20740626284950656 
2.0 0.20740626284950656 
2.0 0.20740626284950656 
2.0 0.20740626284950656 
2.0 0.20740626284950656 
2.0 0.20740626284950656 
2.0 0.20740626284950656 
2.0 0.20740626284950656 
2.0 0.20740626284950656 
2.0 0.20740626284950656 
2.0 0.20740626284950656 
2.0 0.20740626284950656 
2.0 0.20740626284950656 
2.0 0.20740626284950656 
2.0 0.20740626284950656 
2.0 0.20740626284950656 
2.0 0.20740626284950656 
2.0 0.20740626284950656 
2.0 0.20740626284950656 
2.0 0.20740626284950656 
2.0 0.20740626284950656 
2.0 0.20740626284950656 
2.0 0.20740626284950656 
2.0 0.20740626284950656 
2.0 0.20740626284950656 
2.0 0.20740626284950656 
2.0 0.20740626284950656 
2.0 0.20740626284950656 
2.0 0.20740626284950656 
2.0 0.20740626284950656 
2.0 0.20740626284950656 
2.0 0.20740626284950656 
2.0 0.20740626284950656 
2.0 0.20740626284950656 
2.0 0.20740626284950656 
2.0 0.20740626284950656 
2.0 0.20740626284950656 
2.0 0.20740626284950656 
2.0 0.20740626284950656 
2.0 0.20740626284950656 
2.0 0.20740626284950656 
2.0 0.20740626284950656 
2.0 0.20740626284950656 
2.0 0.20740626284950656 
2.0 0.20740626284950656 
2.0 0.20740626284950656 
2.0 0.20740626284950656 
2.0 0.20740626284950656 
2.0 0.20740626284950656 
2.0 0.20740626284950656 
2.0 0.20740626284950656 
2.0 0.20740626284950656 
2.0 0.20740626284950656 
2.0 0.20740626284950656 
2.0 0.20740626284950656 
2.0 0.20740626284950656 
2.0 0.20740626284950656 
2.0 0.20740626284950656 
2.0 0.20740626284950656 
2.0 0.20740626284950656 
2.0 0.20740626284950656 
2.0 0.20740626284950656 
2.0 0.20740626284950656 
2.0 0.20740626284950656 
2.0 0.20740626284950656 
2.0 0.20740626284950656 
2.0 0.20740626284950656 
2.0 0.20740626284950656 
2.0 0.20740626284950656 
2.0 0.20740626284950656 
2.0 0.20740626284950656 
2.0 0.20740626284950656 
2.0 0.20740626284950656 
2.0 0.20740626284950656 
2.0 0.20740626284950656 
2.0 0.20740626284950656 
2.0 0.20740626284950656 
2.0 0.20740626284950656 
2.0 0.20740626284950656 
2.0 0.20740626284950656 
2.0 0.20740626284950656 
2.0 0.20740626284950656 
2.0 0.20740626284950656 
2.0 0.20740626284950656 
2.0 0.20740626284950656 
2.0 0.20740626284950656 
2.0 0.20740626284950656 
2.0 0.20740626284950656 
2.0 0.20740626284950656 
2.0 0.20740626284950656 
2.0 0.20740626284950656 
2.0 0.20740626284950656 
2.0 0.20740626284950656 
2.0 0.20740626284950656 
2.0 0.20740626284950656 
2.0 0.20740626284950656 
2.0 0.20740626284950656 
2.0 0.20740626284950656 
2.0 0.20740626284950656 
2.0 0.20740626284950656 
2.0 0.20740626284950656 
2.0 0.20740626284950656 
2.0 0.20740626284950656 
2.0 0.20740626284950656 
2.0 0.20740626284950656 
2.0 0.20740626284950656 
2.0 0.20740626284950656 
2.0 0.20740626284950656 
2.0 0.20740626284950656 
2.0 0.20740626284950656 
2.0 0.20740626284950656 
2.0 0.20740626284950656 
2.0 0.20740626284950656 
2.0 0.20740626284950656 
2.0 0.20740626284950656 
2.0 0.20740626284950656 
2.0 0.20740626284950656 
2.0 0.20740626284950656 
2.0 0.20740626284950656 
2.0 0.20740626284950656 
2.0 0.20740626284950656 
2.0 0.20740626284950656 
2.0 0.20309163411458334 
2.0 0.20309163411458334 
2.0 0.20309163411458334 
2.0 0.20309163411458334 
2.0 0.20309163411458334 
2.0 0.20309163411458334 
2.0 0.20309163411458334 
2.0 0.20309163411458334 
2.0 0.20309163411458334 
2.0 0.20309163411458334 
2.0 0.20309163411458334 
2.0 0.20309163411458334 
2.0 0.20309163411458334 
2.0 0.20309163411458334 
2.0 0.20309163411458334 
2.0 0.20309163411458334 
2.0 0.20309163411458334 
2.0 0.20309163411458334 
2.0 0.20542506167763158 
2.0 0.20542506167763158 
2.0 0.20542506167763158 
2.0 0.20542506167763158 
2.0 0.20542506167763158 
2.0 0.20542506167763158 
2.0 0.20542506167763158 
2.0 0.20542506167763158 
2.0 0.20542506167763158 
2.0 0.20542506167763158 
2.0 0.20542506167763158 
2.0 0.20542506167763158 
2.0 0.20542506167763158 
2.0 0.20542506167763158 
2.0 0.20542506167763158 
2.0 0.20542506167763158 
2.0 0.20542506167763158 
2.0 0.20542506167763158 
2.0 0.20542506167763158 
2.0 0.20542506167763158 
2.0 0.20542506167763158 
2.0 0.20542506167763158 
2.0 0.20542506167763158 
2.0 0.20542506167763158 
2.0 0.20542506167763158 
2.0 0.20542506167763158 
2.0 0.20542506167763158 
2.0 0.20542506167763158 
2.0 0.20542506167763158 
2.0 0.20542506167763158 
2.0 0.20542506167763158 
2.0 0.20542506167763158 
2.0 0.20542506167763158 
2.0 0.20542506167763158 
2.0 0.20542506167763158 
2.0 0.20542506167763158 
2.0 0.20542506167763158 
2.0 0.20542506167763158 
2.0 0.20542506167763158 
2.0 0.20542506167763158 
2.0 0.20542506167763158 
2.0 0.20542506167763158 
2.0 0.20542506167763158 
2.0 0.20542506167763158 
2.0 0.20542506167763158 
2.0 0.20542506167763158 
2.0 0.20542506167763158 
2.0 0.20542506167763158 
2.0 0.20542506167763158 
2.0 0.20542506167763158 
2.0 0.20542506167763158 
2.0 0.20542506167763158 
2.0 0.20542506167763158 
2.0 0.20542506167763158 
2.0 0.20542506167763158 
2.0 0.20542506167763158 
2.0 0.20542506167763158 
2.0 0.20542506167763158 
2.0 0.20542506167763158 
2.0 0.20542506167763158 
2.0 0.20542506167763158 
2.0 0.20542506167763158 
2.0 0.20542506167763158 
2.0 0.20542506167763158 
2.0 0.20542506167763158 
2.0 0.20542506167763158 
2.0 0.20542506167763158 
2.0 0.20542506167763158 
2.0 0.20542506167763158 
2.0 0.20542506167763158 
2.0 0.20542506167763158 
2.0 0.20542506167763158 
2.0 0.20542506167763158 
2.0 0.20542506167763158 
2.0 0.20542506167763158 
2.0 0.20542506167763158 
2.0 0.20542506167763158 
2.0 0.20542506167763158 
2.0 0.20542506167763158 
2.0 0.20542506167763158 
2.0 0.20542506167763158 
2.0 0.20542506167763158 
2.0 0.20542506167763158 
2.0 0.20542506167763158 
2.0 0.20542506167763158 
2.0 0.20542506167763158 
2.0 0.20542506167763158 
2.0 0.20542506167763158 
2.0 0.20542506167763158 
2.0 0.20542506167763158 
2.0 0.20542506167763158 
2.0 0.20542506167763158 
2.0 0.20542506167763158 
2.0 0.20542506167763158 
2.0 0.20542506167763158 
2.0 0.20542506167763158 
2.0 0.20542506167763158 
2.0 0.20542506167763158 
2.0 0.20542506167763158 
2.0 0.20542506167763158 
2.0 0.20542506167763158 
2.0 0.20542506167763158 
2.0 0.20542506167763158 
2.0 0.20542506167763158 
2.0 0.20542506167763158 
2.0 0.20542506167763158 
2.0 0.20542506167763158 
2.0 0.20542506167763158 
2.0 0.20542506167763158 
2.0 0.20542506167763158 
2.0 0.20542506167763158 
2.0 0.20542506167763158 
2.0 0.20542506167763158 
2.0 0.20542506167763158 
2.0 0.20542506167763158 
2.0 0.20542506167763158 
2.0 0.20542506167763158 
2.0 0.20542506167763158 
2.0 0.20542506167763158 
2.0 0.20542506167763158 
2.0 0.20542506167763158 
2.0 0.20542506167763158 
2.0 0.20542506167763158 
2.0 0.20542506167763158 
2.0 0.20542506167763158 
2.0 0.20542506167763158 
2.0 0.20542506167763158 
2.0 0.20542506167763158 
2.0 0.20542506167763158 
2.0 0.20542506167763158 
2.0 0.20542506167763158 
2.0 0.20542506167763158 
2.0 0.20542506167763158 
2.0 0.20542506167763158 
2.0 0.20542506167763158 
2.0 0.20542506167763158 
2.0 0.20542506167763158 
2.0 0.20542506167763158 
2.0 0.20542506167763158 
2.0 0.20542506167763158 
2.0 0.20542506167763158 
2.0 0.20542506167763158 
2.0 0.20542506167763158 
2.0 0.20542506167763158 
2.0 0.20542506167763158 
2.0 0.20542506167763158 
2.0 0.20542506167763158 
2.0 0.20542506167763158 
2.0 0.20542506167763158 
2.0 0.20542506167763158 
2.0 0.20542506167763158 
2.0 0.20542506167763158 
2.0 0.20542506167763158 
2.0 0.20542506167763158 
2.0 0.20542506167763158 
2.0 0.20542506167763158 
2.0 0.20542506167763158 
2.0 0.20542506167763158 
2.0 0.20542506167763158 
2.0 0.20542506167763158 
2.0 0.20542506167763158 
2.0 0.20542506167763158 
2.0 0.20542506167763158 
2.0 0.20542506167763158 
2.0 0.20542506167763158 
2.0 0.20542506167763158 
2.0 0.20542506167763158 
2.0 0.20542506167763158 
2.0 0.20542506167763158 
2.0 0.20542506167763158 
2.0 0.20542506167763158 
2.0 0.20542506167763158 
2.0 0.20542506167763158 
2.0 0.20542506167763158 
2.0 0.20542506167763158 
2.0 0.20542506167763158 
2.0 0.20542506167763158 
2.0 0.20542506167763158 
2.0 0.20542506167763158 
2.0 0.20542506167763158 
2.0 0.20542506167763158 
2.0 0.20542506167763158 
2.0 0.20542506167763158 
2.0 0.20542506167763158 
2.0 0.20542506167763158 
2.0 0.20542506167763158 
2.0 0.20542506167763158 
2.0 0.20542506167763158 
2.0 0.20542506167763158 
2.0 0.20542506167763158 
2.0 0.20542506167763158 
2.0 0.20542506167763158 
2.0 0.20542506167763158 
2.0 0.20542506167763158 
2.0 0.20542506167763158 
2.0 0.20542506167763158 
2.0 0.20542506167763158 
2.0 0.20542506167763158 
2.0 0.20542506167763158 
2.0 0.20542506167763158 
2.0 0.20542506167763158 
2.0 0.20542506167763158 
2.0 0.20542506167763158 
2.0 0.20542506167763158 
2.0 0.20542506167763158 
2.0 0.20542506167763158 
2.0 0.20542506167763158 
2.0 0.20542506167763158 
2.0 0.20542506167763158 
2.0 0.20542506167763158 
2.0 0.20542506167763158 
2.0 0.20542506167763158 
2.0 0.20542506167763158 
2.0 0.20542506167763158 
2.0 0.20542506167763158 
2.0 0.20542506167763158 
2.0 0.20542506167763158 
2.0 0.20542506167763158 
2.0 0.20542506167763158 
2.0 0.20542506167763158 
2.0 0.20542506167763158 
2.0 0.20542506167763158 
2.0 0.20542506167763158 
2.0 0.20542506167763158 
2.0 0.20542506167763158 
2.0 0.20542506167763158 
2.0 0.20542506167763158 
2.0 0.20542506167763158 
2.0 0.20542506167763158 
2.0 0.20542506167763158 
2.0 0.20542506167763158 
2.0 0.20542506167763158 
2.0 0.20542506167763158 
2.0 0.20542506167763158 
2.0 0.20542506167763158 
2.0 0.20542506167763158 
2.0 0.20542506167763158 
2.0 0.20542506167763158 
2.0 0.20542506167763158 
2.0 0.20542506167763158 
2.0 0.20542506167763158 
2.0 0.20542506167763158 
2.0 0.20542506167763158 
2.0 0.20542506167763158 
2.0 0.20542506167763158 
2.0 0.20542506167763158 
2.0 0.20542506167763158 
2.0 0.20542506167763158 
2.0 0.20542506167763158 
2.0 0.20542506167763158 
2.0 0.20542506167763158 
2.0 0.20542506167763158 
2.0 0.20542506167763158 
2.0 0.20542506167763158 
2.0 0.20542506167763158 
2.0 0.20542506167763158 
2.0 0.20542506167763158 
2.0 0.20542506167763158 
2.0 0.20542506167763158 
2.0 0.20542506167763158 
2.0 0.20542506167763158 
2.0 0.20542506167763158 
2.0 0.20542506167763158 
2.0 0.20542506167763158 
2.0 0.20542506167763158 
2.0 0.20542506167763158 
2.0 0.20542506167763158 
2.0 0.20542506167763158 
2.0 0.20542506167763158 
2.0 0.20542506167763158 
2.0 0.20542506167763158 
2.0 0.20542506167763158 
2.0 0.20542506167763158 
2.0 0.20542506167763158 
2.0 0.20542506167763158 
2.0 0.20542506167763158 
2.0 0.20542506167763158 
2.0 0.20542506167763158 
2.0 0.20542506167763158 
2.0 0.20542506167763158 
2.0 0.20542506167763158 
2.0 0.20542506167763158 
2.0 0.20542506167763158 
2.0 0.20542506167763158 
2.0 0.20542506167763158 
2.0 0.20542506167763158 
2.0 0.20542506167763158 
2.0 0.20542506167763158 
2.0 0.20542506167763158 
2.0 0.20542506167763158 
2.0 0.20542506167763158 
2.0 0.20542506167763158 
2.0 0.20542506167763158 
2.0 0.20542506167763158 
2.0 0.20542506167763158 
2.0 0.20542506167763158 
2.0 0.20542506167763158 
2.0 0.20542506167763158 
2.0 0.20542506167763158 
2.0 0.20542506167763158 
2.0 0.20542506167763158 
2.0 0.20542506167763158 
