0.2 0.25640833377838135 
0.2 0.26648783683776855 
0.2 0.24867874383926392 
0.2 0.24867874383926392 
0.2 0.22886532545089722 
0.2 0.22886532545089722 
0.2 0.24494004249572754 
0.2 0.24494004249572754 
0.2 0.24494004249572754 
0.2 0.2384052276611328 
0.2 0.2155841588973999 
0.2 0.2155841588973999 
0.2 0.21000951528549194 
0.2 0.21000951528549194 
0.2 0.219659686088562 
0.2 0.219659686088562 
0.2 0.22180277109146118 
0.2 0.22180277109146118 
0.2 0.203632652759552 
0.2 0.203632652759552 
0.2 0.203632652759552 
0.2 0.203632652759552 
0.2 0.203632652759552 
0.2 0.203632652759552 
0.2 0.20909440517425537 
0.2 0.20909440517425537 
0.2 0.18111276626586914 
0.2 0.18111276626586914 
0.2 0.18111276626586914 
0.2 0.18111276626586914 
0.2 0.18111276626586914 
0.2 0.18111276626586914 
0.2 0.18111276626586914 
0.2 0.18111276626586914 
0.2 0.18111276626586914 
0.2 0.18111276626586914 
0.2 0.20708918571472168 
0.2 0.20708918571472168 
0.2 0.20708918571472168 
0.2 0.20708918571472168 
0.2 0.19923007488250732 
0.2 0.19923007488250732 
0.2 0.19923007488250732 
0.2 0.19923007488250732 
0.2 0.19923007488250732 
0.2 0.19923007488250732 
0.2 0.19923007488250732 
0.2 0.19923007488250732 
0.2 0.19923007488250732 
0.2 0.19923007488250732 
0.2 0.19923007488250732 
0.2 0.19923007488250732 
0.2 0.19923007488250732 
0.2 0.19923007488250732 
0.2 0.19923007488250732 
0.2 0.19923007488250732 
0.2 0.19923007488250732 
0.2 0.19923007488250732 
0.2 0.21584904193878174 
0.2 0.21584904193878174 
0.2 0.21584904193878174 
0.2 0.21584904193878174 
0.2 0.21584904193878174 
0.2 0.21584904193878174 
0.2 0.20271480083465576 
0.2 0.20271480083465576 
0.2 0.20388400554656982 
0.2 0.20388400554656982 
0.2 0.20388400554656982 
0.2 0.20388400554656982 
0.2 0.20388400554656982 
0.2 0.20388400554656982 
0.2 0.20388400554656982 
0.2 0.20388400554656982 
0.2 0.20388400554656982 
0.2 0.20388400554656982 
0.2 0.20388400554656982 
0.2 0.20388400554656982 
0.2 0.20388400554656982 
0.2 0.20388400554656982 
0.2 0.20388400554656982 
0.2 0.20388400554656982 
0.2 0.20388400554656982 
0.2 0.20388400554656982 
0.2 0.20726501941680908 
0.2 0.20726501941680908 
0.2 0.20726501941680908 
0.2 0.20726501941680908 
0.2 0.20726501941680908 
0.2 0.20726501941680908 
0.2 0.20726501941680908 
0.2 0.20726501941680908 
0.2 0.20726501941680908 
0.2 0.20726501941680908 
0.2 0.20726501941680908 
0.2 0.20726501941680908 
0.2 0.20726501941680908 
0.2 0.20726501941680908 
0.2 0.20726501941680908 
0.2 0.20726501941680908 
0.2 0.20726501941680908 
0.2 0.20726501941680908 
0.2 0.20726501941680908 
0.2 0.20726501941680908 
0.2 0.20407938957214355 
0.2 0.20407938957214355 
0.2 0.20407938957214355 
0.2 0.20407938957214355 
0.2 0.20407938957214355 
0.2 0.20407938957214355 
0.2 0.20407938957214355 
0.2 0.20407938957214355 
0.2 0.20407938957214355 
0.2 0.20407938957214355 
0.2 0.20407938957214355 
0.2 0.20407938957214355 
0.2 0.20407938957214355 
0.2 0.20407938957214355 
0.2 0.20407938957214355 
0.2 0.20407938957214355 
0.2 0.20407938957214355 
0.2 0.20407938957214355 
0.2 0.20407938957214355 
0.2 0.20407938957214355 
0.2 0.20407938957214355 
0.2 0.20407938957214355 
0.2 0.20407938957214355 
0.2 0.20407938957214355 
0.2 0.19812047481536865 
0.2 0.19812047481536865 
0.2 0.19812047481536865 
0.2 0.19812047481536865 
0.2 0.19812047481536865 
0.2 0.19812047481536865 
0.2 0.19812047481536865 
0.2 0.19812047481536865 
0.2 0.19812047481536865 
0.2 0.19812047481536865 
0.2 0.19812047481536865 
0.2 0.19812047481536865 
0.2 0.19812047481536865 
0.2 0.19812047481536865 
0.2 0.19812047481536865 
0.2 0.19812047481536865 
0.2 0.19812047481536865 
0.2 0.19812047481536865 
0.2 0.19812047481536865 
0.2 0.19812047481536865 
0.2 0.20038741827011108 
0.2 0.20038741827011108 
0.2 0.20038741827011108 
0.2 0.20038741827011108 
0.2 0.20038741827011108 
0.2 0.20038741827011108 
0.2 0.20038741827011108 
0.2 0.20038741827011108 
0.2 0.20038741827011108 
0.2 0.20038741827011108 
0.2 0.20038741827011108 
0.2 0.20038741827011108 
0.2 0.20038741827011108 
0.2 0.20038741827011108 
0.2 0.20038741827011108 
0.2 0.20038741827011108 
0.2 0.20038741827011108 
0.2 0.20038741827011108 
0.2 0.20038741827011108 
0.2 0.20038741827011108 
0.2 0.20038741827011108 
0.2 0.20038741827011108 
0.2 0.20038741827011108 
0.2 0.20038741827011108 
0.2 0.20038741827011108 
0.2 0.20038741827011108 
0.2 0.20038741827011108 
0.2 0.20038741827011108 
0.2 0.20038741827011108 
0.2 0.20038741827011108 
0.2 0.20038741827011108 
0.2 0.20038741827011108 
0.2 0.20038741827011108 
0.2 0.20038741827011108 
0.2 0.20038741827011108 
0.2 0.20038741827011108 
0.2 0.20038741827011108 
0.2 0.20038741827011108 
0.2 0.20038741827011108 
0.2 0.20038741827011108 
0.2 0.20038741827011108 
0.2 0.20038741827011108 
0.2 0.20038741827011108 
0.2 0.20038741827011108 
0.2 0.20038741827011108 
0.2 0.20038741827011108 
0.2 0.20038741827011108 
0.2 0.20038741827011108 
0.2 0.20038741827011108 
0.2 0.20038741827011108 
0.2 0.20038741827011108 
0.2 0.20038741827011108 
0.2 0.20038741827011108 
0.2 0.20038741827011108 
0.2 0.20038741827011108 
0.2 0.20038741827011108 
0.2 0.20038741827011108 
0.2 0.20038741827011108 
0.2 0.20038741827011108 
0.2 0.20038741827011108 
0.2 0.20038741827011108 
0.2 0.20038741827011108 
0.2 0.20038741827011108 
0.2 0.20038741827011108 
0.2 0.20038741827011108 
0.2 0.20038741827011108 
0.2 0.20038741827011108 
0.2 0.20038741827011108 
0.2 0.20038741827011108 
0.2 0.20038741827011108 
0.2 0.20038741827011108 
0.2 0.20038741827011108 
0.2 0.20038741827011108 
0.2 0.20038741827011108 
0.2 0.20038741827011108 
0.2 0.20038741827011108 
0.2 0.20038741827011108 
0.2 0.20038741827011108 
0.2 0.20038741827011108 
0.2 0.20038741827011108 
0.2 0.20038741827011108 
0.2 0.20038741827011108 
0.2 0.20038741827011108 
0.2 0.20038741827011108 
0.2 0.20038741827011108 
0.2 0.20038741827011108 
0.2 0.20038741827011108 
0.2 0.20038741827011108 
0.2 0.20038741827011108 
0.2 0.20038741827011108 
0.2 0.20038741827011108 
0.2 0.20038741827011108 
0.2 0.20038741827011108 
0.2 0.20038741827011108 
0.2 0.20038741827011108 
0.2 0.20038741827011108 
0.2 0.20038741827011108 
0.2 0.20038741827011108 
0.2 0.20038741827011108 
0.2 0.20038741827011108 
0.2 0.20038741827011108 
0.2 0.20038741827011108 
0.2 0.20038741827011108 
0.2 0.20038741827011108 
0.2 0.20038741827011108 
0.2 0.20038741827011108 
0.2 0.20038741827011108 
0.2 0.20038741827011108 
0.2 0.20038741827011108 
0.2 0.20038741827011108 
0.2 0.20038741827011108 
0.2 0.20038741827011108 
0.2 0.20038741827011108 
0.2 0.20038741827011108 
0.2 0.20038741827011108 
0.2 0.20038741827011108 
0.2 0.20038741827011108 
0.2 0.20038741827011108 
0.2 0.20038741827011108 
0.2 0.20038741827011108 
0.2 0.20038741827011108 
0.2 0.20038741827011108 
0.2 0.20038741827011108 
0.2 0.20038741827011108 
0.2 0.20038741827011108 
0.2 0.20038741827011108 
0.2 0.20038741827011108 
0.2 0.20038741827011108 
0.2 0.20038741827011108 
0.2 0.20038741827011108 
0.2 0.20038741827011108 
0.2 0.20038741827011108 
0.2 0.20038741827011108 
0.2 0.20038741827011108 
0.2 0.20038741827011108 
0.2 0.20038741827011108 
0.2 0.20038741827011108 
0.2 0.20038741827011108 
0.2 0.20038741827011108 
0.2 0.20038741827011108 
0.2 0.20038741827011108 
0.2 0.20038741827011108 
0.2 0.20038741827011108 
0.2 0.20038741827011108 
0.2 0.20038741827011108 
0.2 0.20038741827011108 
0.2 0.20038741827011108 
0.2 0.20038741827011108 
0.2 0.20038741827011108 
0.2 0.20038741827011108 
0.2 0.20038741827011108 
0.2 0.20038741827011108 
0.2 0.20038741827011108 
0.2 0.20038741827011108 
0.2 0.19649559259414673 
0.2 0.19649559259414673 
0.2 0.19649559259414673 
0.2 0.19649559259414673 
0.2 0.19649559259414673 
0.2 0.19649559259414673 
0.2 0.19649559259414673 
0.2 0.19649559259414673 
0.2 0.19649559259414673 
0.2 0.19649559259414673 
0.2 0.19649559259414673 
0.2 0.19649559259414673 
0.2 0.19649559259414673 
0.2 0.19649559259414673 
0.2 0.19649559259414673 
0.2 0.19649559259414673 
0.2 0.19649559259414673 
0.2 0.19649559259414673 
0.2 0.1967942714691162 
0.2 0.1967942714691162 
0.2 0.1967942714691162 
0.2 0.1967942714691162 
0.2 0.1967942714691162 
0.2 0.1967942714691162 
0.2 0.1967942714691162 
0.2 0.1967942714691162 
0.2 0.1967942714691162 
0.2 0.1967942714691162 
0.2 0.1967942714691162 
0.2 0.1967942714691162 
0.2 0.1967942714691162 
0.2 0.1967942714691162 
0.2 0.1967942714691162 
0.2 0.1967942714691162 
0.2 0.1967942714691162 
0.2 0.1967942714691162 
0.2 0.1967942714691162 
0.2 0.1967942714691162 
0.2 0.1967942714691162 
0.2 0.1967942714691162 
0.2 0.1967942714691162 
0.2 0.1967942714691162 
0.2 0.1967942714691162 
0.2 0.1967942714691162 
0.2 0.1967942714691162 
0.2 0.1967942714691162 
0.2 0.1967942714691162 
0.2 0.1967942714691162 
0.2 0.1967942714691162 
0.2 0.1967942714691162 
0.2 0.1967942714691162 
0.2 0.1967942714691162 
0.2 0.1967942714691162 
0.2 0.1967942714691162 
0.2 0.1967942714691162 
0.2 0.1967942714691162 
0.2 0.1967942714691162 
0.2 0.1967942714691162 
0.2 0.1967942714691162 
0.2 0.1967942714691162 
0.2 0.1967942714691162 
0.2 0.1967942714691162 
0.2 0.1967942714691162 
0.2 0.1967942714691162 
0.2 0.1967942714691162 
0.2 0.1967942714691162 
0.2 0.1967942714691162 
0.2 0.1967942714691162 
0.2 0.1967942714691162 
0.2 0.1967942714691162 
0.2 0.1967942714691162 
0.2 0.1967942714691162 
0.2 0.1967942714691162 
0.2 0.1967942714691162 
0.2 0.1967942714691162 
0.2 0.1967942714691162 
0.2 0.1967942714691162 
0.2 0.1967942714691162 
0.2 0.1967942714691162 
0.2 0.1967942714691162 
0.2 0.1967942714691162 
0.2 0.1967942714691162 
0.2 0.1967942714691162 
0.2 0.1967942714691162 
0.2 0.1967942714691162 
0.2 0.1967942714691162 
0.2 0.1967942714691162 
0.2 0.1967942714691162 
0.2 0.1967942714691162 
0.2 0.1967942714691162 
0.2 0.1967942714691162 
0.2 0.1967942714691162 
0.2 0.1967942714691162 
0.2 0.1967942714691162 
0.2 0.1967942714691162 
0.2 0.1967942714691162 
0.2 0.1967942714691162 
0.2 0.1967942714691162 
0.2 0.1967942714691162 
0.2 0.1967942714691162 
0.2 0.1967942714691162 
0.2 0.1967942714691162 
0.2 0.1967942714691162 
0.2 0.1967942714691162 
0.2 0.1967942714691162 
0.2 0.1967942714691162 
0.2 0.1967942714691162 
0.2 0.1967942714691162 
0.2 0.1967942714691162 
0.2 0.1967942714691162 
0.2 0.1967942714691162 
0.2 0.1967942714691162 
0.2 0.1967942714691162 
0.2 0.1967942714691162 
0.2 0.1967942714691162 
0.2 0.1967942714691162 
0.2 0.1967942714691162 
0.2 0.1967942714691162 
0.2 0.1967942714691162 
0.2 0.1967942714691162 
0.2 0.1967942714691162 
0.2 0.1967942714691162 
0.2 0.1967942714691162 
0.2 0.1967942714691162 
0.2 0.1967942714691162 
0.2 0.1967942714691162 
0.2 0.1967942714691162 
0.2 0.1967942714691162 
0.2 0.1967942714691162 
0.2 0.1967942714691162 
0.2 0.1967942714691162 
0.2 0.1967942714691162 
0.2 0.1967942714691162 
0.2 0.1967942714691162 
0.2 0.1967942714691162 
0.2 0.1967942714691162 
0.2 0.1967942714691162 
0.2 0.1967942714691162 
0.2 0.1967942714691162 
0.2 0.1967942714691162 
0.2 0.1967942714691162 
0.2 0.1967942714691162 
0.2 0.1967942714691162 
0.2 0.1967942714691162 
0.2 0.1967942714691162 
0.2 0.1967942714691162 
0.2 0.1967942714691162 
0.2 0.1967942714691162 
0.2 0.1967942714691162 
0.2 0.1967942714691162 
0.2 0.1967942714691162 
0.2 0.1967942714691162 
0.2 0.1967942714691162 
0.2 0.1967942714691162 
0.2 0.1967942714691162 
0.2 0.1967942714691162 
0.2 0.1967942714691162 
0.2 0.1967942714691162 
0.2 0.1967942714691162 
0.2 0.1967942714691162 
0.2 0.1967942714691162 
0.2 0.1967942714691162 
0.2 0.1967942714691162 
0.2 0.1967942714691162 
0.2 0.1967942714691162 
0.2 0.1967942714691162 
0.2 0.1967942714691162 
0.2 0.1967942714691162 
0.2 0.1967942714691162 
0.2 0.1967942714691162 
0.2 0.1967942714691162 
0.2 0.1967942714691162 
0.2 0.1967942714691162 
0.2 0.1967942714691162 
0.2 0.1967942714691162 
0.2 0.1967942714691162 
0.2 0.1967942714691162 
0.2 0.1967942714691162 
0.2 0.1967942714691162 
0.2 0.1967942714691162 
0.2 0.1967942714691162 
0.2 0.1967942714691162 
0.2 0.1967942714691162 
0.2 0.1967942714691162 
0.2 0.1967942714691162 
0.2 0.1967942714691162 
0.2 0.1967942714691162 
0.2 0.1967942714691162 
0.2 0.1967942714691162 
0.2 0.1967942714691162 
0.2 0.1967942714691162 
0.2 0.1967942714691162 
0.2 0.1967942714691162 
0.2 0.1967942714691162 
0.2 0.1967942714691162 
0.2 0.1967942714691162 
0.2 0.1967942714691162 
0.2 0.1967942714691162 
0.2 0.1967942714691162 
0.2 0.1967942714691162 
0.2 0.1967942714691162 
0.2 0.1967942714691162 
0.2 0.1967942714691162 
0.2 0.1967942714691162 
0.2 0.1967942714691162 
0.2 0.1967942714691162 
0.2 0.1967942714691162 
0.2 0.1967942714691162 
0.2 0.1967942714691162 
0.2 0.1967942714691162 
0.2 0.1967942714691162 
0.2 0.1967942714691162 
0.2 0.1967942714691162 
0.2 0.1967942714691162 
0.2 0.1967942714691162 
0.2 0.1967942714691162 
0.2 0.1967942714691162 
0.2 0.1967942714691162 
0.2 0.1967942714691162 
0.2 0.1967942714691162 
0.2 0.1967942714691162 
0.2 0.1967942714691162 
0.2 0.1967942714691162 
0.2 0.1967942714691162 
0.2 0.1967942714691162 
0.2 0.1967942714691162 
0.2 0.1967942714691162 
0.2 0.1967942714691162 
0.2 0.1967942714691162 
0.2 0.1967942714691162 
0.2 0.1967942714691162 
0.2 0.1967942714691162 
0.2 0.1967942714691162 
0.2 0.1967942714691162 
0.2 0.1967942714691162 
0.2 0.1967942714691162 
0.2 0.1967942714691162 
0.2 0.1967942714691162 
0.2 0.1967942714691162 
0.2 0.1967942714691162 
0.2 0.1967942714691162 
0.2 0.1967942714691162 
0.2 0.1967942714691162 
0.2 0.1967942714691162 
0.2 0.1967942714691162 
0.2 0.1967942714691162 
0.2 0.1967942714691162 
0.2 0.1967942714691162 
0.2 0.1967942714691162 
0.2 0.1967942714691162 
0.2 0.1967942714691162 
0.2 0.1967942714691162 
0.2 0.1967942714691162 
0.2 0.1967942714691162 
0.2 0.1967942714691162 
0.2 0.1967942714691162 
0.2 0.1967942714691162 
0.2 0.1967942714691162 
0.2 0.1967942714691162 
0.2 0.1967942714691162 
0.2 0.1967942714691162 
0.2 0.1967942714691162 
0.2 0.1967942714691162 
0.2 0.1967942714691162 
0.2 0.1967942714691162 
0.2 0.1967942714691162 
0.2 0.1967942714691162 
0.2 0.1967942714691162 
0.2 0.1967942714691162 
0.2 0.1967942714691162 
0.2 0.1967942714691162 
0.2 0.1967942714691162 
0.2 0.1967942714691162 
0.2 0.1967942714691162 
0.2 0.1967942714691162 
0.2 0.1967942714691162 
0.2 0.1967942714691162 
0.2 0.1967942714691162 
0.2 0.1967942714691162 
0.2 0.1967942714691162 
0.2 0.1967942714691162 
0.2 0.1967942714691162 
0.2 0.1967942714691162 
0.2 0.1967942714691162 
0.2 0.1967942714691162 
0.2 0.1967942714691162 
0.2 0.1967942714691162 
0.2 0.1967942714691162 
0.2 0.1967942714691162 
0.2 0.1967942714691162 
0.2 0.1967942714691162 
0.2 0.1967942714691162 
0.2 0.1967942714691162 
0.2 0.1967942714691162 
0.2 0.1967942714691162 
0.2 0.1967942714691162 
0.2 0.1967942714691162 
0.2 0.1967942714691162 
0.2 0.1967942714691162 
0.2 0.1967942714691162 
0.2 0.1967942714691162 
0.2 0.1967942714691162 
0.2 0.1967942714691162 
0.2 0.1967942714691162 
0.2 0.1967942714691162 
0.2 0.1967942714691162 
0.2 0.1967942714691162 
0.2 0.1967942714691162 
0.2 0.1967942714691162 
0.2 0.1967942714691162 
0.2 0.1967942714691162 
0.2 0.1967942714691162 
0.2 0.1967942714691162 
0.2 0.1967942714691162 
0.2 0.1967942714691162 
0.2 0.1967942714691162 
0.2 0.1967942714691162 
0.2 0.1967942714691162 
0.2 0.1967942714691162 
0.2 0.1967942714691162 
