0.2 0.20377858479817712 
1.0 0.29929497367457336 
1.0 0.3178979873657226 
0.2 0.23118957519531247 
1.0 0.3213154642205489 
1.0 0.2196358680725098 
0.2 0.2202626546223958 
1.0 0.3536039653577303 
1.0 0.18385190963745113 
0.2 0.2202626546223958 
1.0 0.3536039653577303 
1.0 0.18385190963745113 
0.2 0.20727589925130208 
1.0 0.3278151562339381 
1.0 0.1714935302734375 
0.2 0.20727589925130208 
1.0 0.3278151562339381 
1.0 0.1714935302734375 
0.2 0.2201632690429688 
1.0 0.3367014935142115 
1.0 0.17730312347412114 
0.2 0.2201632690429688 
1.0 0.3367014935142115 
1.0 0.17730312347412114 
0.2 0.2201632690429688 
1.0 0.3367014935142115 
1.0 0.17730312347412114 
0.2 0.21409189860026046 
1.0 0.31086198907149465 
1.0 0.1805170059204102 
0.2 0.19569875081380206 
1.0 0.2591408177425987 
1.0 0.16026144027709965 
0.2 0.19569875081380206 
1.0 0.2591408177425987 
1.0 0.16026144027709965 
0.2 0.19212844848632815 
1.0 0.2592069726241263 
1.0 0.16139850616455076 
0.2 0.19212844848632815 
1.0 0.2592069726241263 
1.0 0.16139850616455076 
0.2 0.20067448933919274 
1.0 0.29279146696391856 
1.0 0.1618813514709473 
0.2 0.20067448933919274 
1.0 0.29279146696391856 
1.0 0.1618813514709473 
0.2 0.20604176839192712 
1.0 0.2811939339888724 
1.0 0.1601271629333496 
0.2 0.20604176839192712 
1.0 0.2811939339888724 
1.0 0.1601271629333496 
0.2 0.1903951517740885 
1.0 0.2499658183047646 
1.0 0.15376615524291992 
0.2 0.1903951517740885 
1.0 0.2499658183047646 
1.0 0.15376615524291992 
0.2 0.1903951517740885 
1.0 0.2499658183047646 
1.0 0.15376615524291992 
0.2 0.1903951517740885 
1.0 0.2499658183047646 
1.0 0.15376615524291992 
0.2 0.1903951517740885 
1.0 0.2499658183047646 
1.0 0.15376615524291992 
0.2 0.1903951517740885 
1.0 0.2499658183047646 
1.0 0.15376615524291992 
0.2 0.19276758829752605 
1.0 0.2702618147197523 
1.0 0.16101932525634766 
0.2 0.19276758829752605 
1.0 0.2702618147197523 
1.0 0.16101932525634766 
0.2 0.16506001790364588 
1.0 0.22851442035875824 
1.0 0.15445785522460942 
0.2 0.16506001790364588 
1.0 0.22851442035875824 
1.0 0.15445785522460942 
0.2 0.16506001790364588 
1.0 0.22851442035875824 
1.0 0.15445785522460942 
0.2 0.16506001790364588 
1.0 0.22851442035875824 
1.0 0.15445785522460942 
0.2 0.16506001790364588 
1.0 0.22851442035875824 
1.0 0.15445785522460942 
0.2 0.16506001790364588 
1.0 0.22851442035875824 
1.0 0.15445785522460942 
0.2 0.16506001790364588 
1.0 0.22851442035875824 
1.0 0.15445785522460942 
0.2 0.16506001790364588 
1.0 0.22851442035875824 
1.0 0.15445785522460942 
0.2 0.16506001790364588 
1.0 0.22851442035875824 
1.0 0.15445785522460942 
0.2 0.16506001790364588 
1.0 0.22851442035875824 
1.0 0.15445785522460942 
0.2 0.1911641438802083 
1.0 0.2631400760851408 
1.0 0.15826587677001958 
0.2 0.1911641438802083 
1.0 0.2631400760851408 
1.0 0.15826587677001958 
0.2 0.1911641438802083 
1.0 0.2631400760851408 
1.0 0.15826587677001958 
0.2 0.1911641438802083 
1.0 0.2631400760851408 
1.0 0.15826587677001958 
0.2 0.1836717732747396 
1.0 0.24655623185007192 
1.0 0.1576088905334473 
0.2 0.1836717732747396 
1.0 0.24655623185007192 
1.0 0.1576088905334473 
0.2 0.1836717732747396 
1.0 0.24655623185007192 
1.0 0.1576088905334473 
0.2 0.1836717732747396 
1.0 0.24655623185007192 
1.0 0.1576088905334473 
0.2 0.1836717732747396 
1.0 0.24655623185007192 
1.0 0.1576088905334473 
0.2 0.1836717732747396 
1.0 0.24655623185007192 
1.0 0.1576088905334473 
0.2 0.1836717732747396 
1.0 0.24655623185007192 
1.0 0.1576088905334473 
0.2 0.1836717732747396 
1.0 0.24655623185007192 
1.0 0.1576088905334473 
0.2 0.1836717732747396 
1.0 0.24655623185007192 
1.0 0.1576088905334473 
0.2 0.1836717732747396 
1.0 0.24655623185007192 
1.0 0.1576088905334473 
0.2 0.1836717732747396 
1.0 0.24655623185007192 
1.0 0.1576088905334473 
0.2 0.1836717732747396 
1.0 0.24655623185007192 
1.0 0.1576088905334473 
0.2 0.1836717732747396 
1.0 0.24655623185007192 
1.0 0.1576088905334473 
0.2 0.1836717732747396 
1.0 0.24655623185007192 
1.0 0.1576088905334473 
0.2 0.1836717732747396 
1.0 0.24655623185007192 
1.0 0.1576088905334473 
0.2 0.1836717732747396 
1.0 0.24655623185007192 
1.0 0.1576088905334473 
0.2 0.1836717732747396 
1.0 0.24655623185007192 
1.0 0.1576088905334473 
0.2 0.1836717732747396 
1.0 0.24655623185007192 
1.0 0.1576088905334473 
0.2 0.19864084879557287 
1.0 0.26630115509033203 
1.0 0.1632325172424316 
0.2 0.19864084879557287 
1.0 0.26630115509033203 
1.0 0.1632325172424316 
0.2 0.19864084879557287 
1.0 0.26630115509033203 
1.0 0.1632325172424316 
0.2 0.19864084879557287 
1.0 0.26630115509033203 
1.0 0.1632325172424316 
0.2 0.19864084879557287 
1.0 0.26630115509033203 
1.0 0.1632325172424316 
0.2 0.19864084879557287 
1.0 0.26630115509033203 
1.0 0.1632325172424316 
0.2 0.1866414896647135 
1.0 0.2496347427368164 
1.0 0.15810298919677734 
0.2 0.1866414896647135 
1.0 0.2496347427368164 
1.0 0.15810298919677734 
0.2 0.18801976521809893 
1.0 0.2514762878417969 
1.0 0.15527420043945317 
0.2 0.18801976521809893 
1.0 0.2514762878417969 
1.0 0.15527420043945317 
0.2 0.18801976521809893 
1.0 0.2514762878417969 
1.0 0.15527420043945317 
0.2 0.18801976521809893 
1.0 0.2514762878417969 
1.0 0.15527420043945317 
0.2 0.18801976521809893 
1.0 0.2514762878417969 
1.0 0.15527420043945317 
0.2 0.18801976521809893 
1.0 0.2514762878417969 
1.0 0.15527420043945317 
0.2 0.18801976521809893 
1.0 0.2514762878417969 
1.0 0.15527420043945317 
0.2 0.18801976521809893 
1.0 0.2514762878417969 
1.0 0.15527420043945317 
0.2 0.18801976521809893 
1.0 0.2514762878417969 
1.0 0.15527420043945317 
0.2 0.18801976521809893 
1.0 0.2514762878417969 
1.0 0.15527420043945317 
0.2 0.18801976521809893 
1.0 0.2514762878417969 
1.0 0.15527420043945317 
0.2 0.18801976521809893 
1.0 0.2514762878417969 
1.0 0.15527420043945317 
0.2 0.18801976521809893 
1.0 0.2514762878417969 
1.0 0.15527420043945317 
0.2 0.18801976521809893 
1.0 0.2514762878417969 
1.0 0.15527420043945317 
0.2 0.18801976521809893 
1.0 0.2514762878417969 
1.0 0.15527420043945317 
0.2 0.18801976521809893 
1.0 0.2514762878417969 
1.0 0.15527420043945317 
0.2 0.18801976521809893 
1.0 0.2514762878417969 
1.0 0.15527420043945317 
0.2 0.18801976521809893 
1.0 0.2514762878417969 
1.0 0.15527420043945317 
0.2 0.1911128743489583 
1.0 0.2587627109728361 
1.0 0.1581873893737793 
0.2 0.1911128743489583 
1.0 0.2587627109728361 
1.0 0.1581873893737793 
0.2 0.1911128743489583 
1.0 0.2587627109728361 
1.0 0.1581873893737793 
0.2 0.1911128743489583 
1.0 0.2587627109728361 
1.0 0.1581873893737793 
0.2 0.1911128743489583 
1.0 0.2587627109728361 
1.0 0.1581873893737793 
0.2 0.1911128743489583 
1.0 0.2587627109728361 
1.0 0.1581873893737793 
0.2 0.1911128743489583 
1.0 0.2587627109728361 
1.0 0.1581873893737793 
0.2 0.1911128743489583 
1.0 0.2587627109728361 
1.0 0.1581873893737793 
0.2 0.1911128743489583 
1.0 0.2587627109728361 
1.0 0.1581873893737793 
0.2 0.1911128743489583 
1.0 0.2587627109728361 
1.0 0.1581873893737793 
0.2 0.1911128743489583 
1.0 0.2587627109728361 
1.0 0.1581873893737793 
0.2 0.1911128743489583 
1.0 0.2587627109728361 
1.0 0.1581873893737793 
0.2 0.1911128743489583 
1.0 0.2587627109728361 
1.0 0.1581873893737793 
0.2 0.1911128743489583 
1.0 0.2587627109728361 
1.0 0.1581873893737793 
0.2 0.1911128743489583 
1.0 0.2587627109728361 
1.0 0.1581873893737793 
0.2 0.1911128743489583 
1.0 0.2587627109728361 
1.0 0.1581873893737793 
0.2 0.1911128743489583 
1.0 0.2587627109728361 
1.0 0.1581873893737793 
0.2 0.1911128743489583 
1.0 0.2587627109728361 
1.0 0.1581873893737793 
0.2 0.1911128743489583 
1.0 0.2587627109728361 
1.0 0.1581873893737793 
0.2 0.1911128743489583 
1.0 0.2587627109728361 
1.0 0.1581873893737793 
0.2 0.18787439982096354 
1.0 0.25323426096062907 
1.0 0.1572270393371582 
0.2 0.18787439982096354 
1.0 0.25323426096062907 
1.0 0.1572270393371582 
0.2 0.18787439982096354 
1.0 0.25323426096062907 
1.0 0.1572270393371582 
0.2 0.18787439982096354 
1.0 0.25323426096062907 
1.0 0.1572270393371582 
0.2 0.18787439982096354 
1.0 0.25323426096062907 
1.0 0.1572270393371582 
0.2 0.18787439982096354 
1.0 0.25323426096062907 
1.0 0.1572270393371582 
0.2 0.18787439982096354 
1.0 0.25323426096062907 
1.0 0.1572270393371582 
0.2 0.18787439982096354 
1.0 0.25323426096062907 
1.0 0.1572270393371582 
0.2 0.18787439982096354 
1.0 0.25323426096062907 
1.0 0.1572270393371582 
0.2 0.18787439982096354 
1.0 0.25323426096062907 
1.0 0.1572270393371582 
0.2 0.18787439982096354 
1.0 0.25323426096062907 
1.0 0.1572270393371582 
0.2 0.18787439982096354 
1.0 0.25323426096062907 
1.0 0.1572270393371582 
0.2 0.18787439982096354 
1.0 0.25323426096062907 
1.0 0.1572270393371582 
0.2 0.18787439982096354 
1.0 0.25323426096062907 
1.0 0.1572270393371582 
0.2 0.18787439982096354 
1.0 0.25323426096062907 
1.0 0.1572270393371582 
0.2 0.18787439982096354 
1.0 0.25323426096062907 
1.0 0.1572270393371582 
0.2 0.18787439982096354 
1.0 0.25323426096062907 
1.0 0.1572270393371582 
0.2 0.18787439982096354 
1.0 0.25323426096062907 
1.0 0.1572270393371582 
0.2 0.18787439982096354 
1.0 0.25323426096062907 
1.0 0.1572270393371582 
0.2 0.18787439982096354 
1.0 0.25323426096062907 
1.0 0.1572270393371582 
0.2 0.18787439982096354 
1.0 0.25323426096062907 
1.0 0.1572270393371582 
0.2 0.18787439982096354 
1.0 0.25323426096062907 
1.0 0.1572270393371582 
0.2 0.18787439982096354 
1.0 0.25323426096062907 
1.0 0.1572270393371582 
0.2 0.18787439982096354 
1.0 0.25323426096062907 
1.0 0.1572270393371582 
0.2 0.18347442626953125 
1.0 0.23970578846178558 
1.0 0.15360803604125972 
0.2 0.18347442626953125 
1.0 0.23970578846178558 
1.0 0.15360803604125972 
0.2 0.18347442626953125 
1.0 0.23970578846178558 
1.0 0.15360803604125972 
0.2 0.18347442626953125 
1.0 0.23970578846178558 
1.0 0.15360803604125972 
0.2 0.18347442626953125 
1.0 0.23970578846178558 
1.0 0.15360803604125972 
0.2 0.18347442626953125 
1.0 0.23970578846178558 
1.0 0.15360803604125972 
0.2 0.18347442626953125 
1.0 0.23970578846178558 
1.0 0.15360803604125972 
0.2 0.18347442626953125 
1.0 0.23970578846178558 
1.0 0.15360803604125972 
0.2 0.18347442626953125 
1.0 0.23970578846178558 
1.0 0.15360803604125972 
0.2 0.18347442626953125 
1.0 0.23970578846178558 
1.0 0.15360803604125972 
0.2 0.18347442626953125 
1.0 0.23970578846178558 
1.0 0.15360803604125972 
0.2 0.18347442626953125 
1.0 0.23970578846178558 
1.0 0.15360803604125972 
0.2 0.18347442626953125 
1.0 0.23970578846178558 
1.0 0.15360803604125972 
0.2 0.18347442626953125 
1.0 0.23970578846178558 
1.0 0.15360803604125972 
0.2 0.18347442626953125 
1.0 0.23970578846178558 
1.0 0.15360803604125972 
0.2 0.18347442626953125 
1.0 0.23970578846178558 
1.0 0.15360803604125972 
0.2 0.18347442626953125 
1.0 0.23970578846178558 
1.0 0.15360803604125972 
0.2 0.18347442626953125 
1.0 0.23970578846178558 
1.0 0.15360803604125972 
0.2 0.18347442626953125 
1.0 0.23970578846178558 
1.0 0.15360803604125972 
0.2 0.18347442626953125 
1.0 0.23970578846178558 
1.0 0.15360803604125972 
0.2 0.18621088663736984 
1.0 0.2447504746286493 
1.0 0.15184125900268552 
0.2 0.18621088663736984 
1.0 0.2447504746286493 
1.0 0.15184125900268552 
0.2 0.18621088663736984 
1.0 0.2447504746286493 
1.0 0.15184125900268552 
0.2 0.18621088663736984 
1.0 0.2447504746286493 
1.0 0.15184125900268552 
0.2 0.18621088663736984 
1.0 0.2447504746286493 
1.0 0.15184125900268552 
0.2 0.18621088663736984 
1.0 0.2447504746286493 
1.0 0.15184125900268552 
0.2 0.18621088663736984 
1.0 0.2447504746286493 
1.0 0.15184125900268552 
0.2 0.18621088663736984 
1.0 0.2447504746286493 
1.0 0.15184125900268552 
0.2 0.18621088663736984 
1.0 0.2447504746286493 
1.0 0.15184125900268552 
0.2 0.18621088663736984 
1.0 0.2447504746286493 
1.0 0.15184125900268552 
0.2 0.18621088663736984 
1.0 0.2447504746286493 
1.0 0.15184125900268552 
0.2 0.18621088663736984 
1.0 0.2447504746286493 
1.0 0.15184125900268552 
0.2 0.18621088663736984 
1.0 0.2447504746286493 
1.0 0.15184125900268552 
0.2 0.18621088663736984 
1.0 0.2447504746286493 
1.0 0.15184125900268552 
0.2 0.18621088663736984 
1.0 0.2447504746286493 
1.0 0.15184125900268552 
0.2 0.18621088663736984 
1.0 0.2447504746286493 
1.0 0.15184125900268552 
0.2 0.18621088663736984 
1.0 0.2447504746286493 
1.0 0.15184125900268552 
0.2 0.18621088663736984 
1.0 0.2447504746286493 
1.0 0.15184125900268552 
0.2 0.18621088663736984 
1.0 0.2447504746286493 
1.0 0.15184125900268552 
0.2 0.18621088663736984 
1.0 0.2447504746286493 
1.0 0.15184125900268552 
0.2 0.18621088663736984 
1.0 0.2447504746286493 
1.0 0.15184125900268552 
0.2 0.18621088663736984 
1.0 0.2447504746286493 
1.0 0.15184125900268552 
0.2 0.18621088663736984 
1.0 0.2447504746286493 
1.0 0.15184125900268552 
0.2 0.18621088663736984 
1.0 0.2447504746286493 
1.0 0.15184125900268552 
0.2 0.18621088663736984 
1.0 0.2447504746286493 
1.0 0.15184125900268552 
0.2 0.18621088663736984 
1.0 0.2447504746286493 
1.0 0.15184125900268552 
0.2 0.18621088663736984 
1.0 0.2447504746286493 
1.0 0.15184125900268552 
0.2 0.18621088663736984 
1.0 0.2447504746286493 
1.0 0.15184125900268552 
0.2 0.18621088663736984 
1.0 0.2447504746286493 
1.0 0.15184125900268552 
0.2 0.18621088663736984 
1.0 0.2447504746286493 
1.0 0.15184125900268552 
0.2 0.18621088663736984 
1.0 0.2447504746286493 
1.0 0.15184125900268552 
0.2 0.18621088663736984 
1.0 0.2447504746286493 
1.0 0.15184125900268552 
0.2 0.18621088663736984 
1.0 0.2447504746286493 
1.0 0.15184125900268552 
0.2 0.18621088663736984 
1.0 0.2447504746286493 
1.0 0.15184125900268552 
0.2 0.18621088663736984 
1.0 0.2447504746286493 
1.0 0.15184125900268552 
0.2 0.18621088663736984 
1.0 0.2447504746286493 
1.0 0.15184125900268552 
0.2 0.18621088663736984 
1.0 0.2447504746286493 
1.0 0.15184125900268552 
0.2 0.18621088663736984 
1.0 0.2447504746286493 
1.0 0.15184125900268552 
0.2 0.18621088663736984 
1.0 0.2447504746286493 
1.0 0.15184125900268552 
0.2 0.18621088663736984 
1.0 0.2447504746286493 
1.0 0.15184125900268552 
0.2 0.18621088663736984 
1.0 0.2447504746286493 
1.0 0.15184125900268552 
0.2 0.18621088663736984 
1.0 0.2447504746286493 
1.0 0.15184125900268552 
0.2 0.18621088663736984 
1.0 0.2447504746286493 
1.0 0.15184125900268552 
0.2 0.18621088663736984 
1.0 0.2447504746286493 
1.0 0.15184125900268552 
0.2 0.18621088663736984 
1.0 0.2447504746286493 
1.0 0.15184125900268552 
0.2 0.18621088663736984 
1.0 0.2447504746286493 
1.0 0.15184125900268552 
0.2 0.18621088663736984 
1.0 0.2447504746286493 
1.0 0.15184125900268552 
0.2 0.18621088663736984 
1.0 0.2447504746286493 
1.0 0.15184125900268552 
0.2 0.18621088663736984 
1.0 0.2447504746286493 
1.0 0.15184125900268552 
0.2 0.18621088663736984 
1.0 0.2447504746286493 
1.0 0.15184125900268552 
0.2 0.18621088663736984 
1.0 0.2447504746286493 
1.0 0.15184125900268552 
0.2 0.18621088663736984 
1.0 0.2447504746286493 
1.0 0.15184125900268552 
0.2 0.18621088663736984 
1.0 0.2447504746286493 
1.0 0.15184125900268552 
0.2 0.18621088663736984 
1.0 0.2447504746286493 
1.0 0.15184125900268552 
0.2 0.18621088663736984 
1.0 0.2447504746286493 
1.0 0.15184125900268552 
0.2 0.18621088663736984 
1.0 0.2447504746286493 
1.0 0.15184125900268552 
0.2 0.18621088663736984 
1.0 0.2447504746286493 
1.0 0.15184125900268552 
0.2 0.18621088663736984 
1.0 0.2447504746286493 
1.0 0.15184125900268552 
0.2 0.18621088663736984 
1.0 0.2447504746286493 
1.0 0.15184125900268552 
0.2 0.18621088663736984 
1.0 0.2447504746286493 
1.0 0.15184125900268552 
0.2 0.18621088663736984 
1.0 0.2447504746286493 
1.0 0.15184125900268552 
0.2 0.18621088663736984 
1.0 0.2447504746286493 
1.0 0.15184125900268552 
0.2 0.18621088663736984 
1.0 0.2447504746286493 
1.0 0.15184125900268552 
0.2 0.18621088663736984 
1.0 0.2447504746286493 
1.0 0.15184125900268552 
0.2 0.18621088663736984 
1.0 0.2447504746286493 
1.0 0.15184125900268552 
0.2 0.18621088663736984 
1.0 0.2447504746286493 
1.0 0.15184125900268552 
0.2 0.18621088663736984 
1.0 0.2447504746286493 
1.0 0.15184125900268552 
0.2 0.18621088663736984 
1.0 0.2447504746286493 
1.0 0.15184125900268552 
0.2 0.18621088663736984 
1.0 0.2447504746286493 
1.0 0.15184125900268552 
0.2 0.18621088663736984 
1.0 0.2447504746286493 
1.0 0.15184125900268552 
0.2 0.18621088663736984 
1.0 0.2447504746286493 
1.0 0.15184125900268552 
0.2 0.18621088663736984 
1.0 0.2447504746286493 
1.0 0.15184125900268552 
0.2 0.18621088663736984 
1.0 0.2447504746286493 
1.0 0.15184125900268552 
0.2 0.18621088663736984 
1.0 0.2447504746286493 
1.0 0.15184125900268552 
0.2 0.18621088663736984 
1.0 0.2447504746286493 
1.0 0.15184125900268552 
0.2 0.18621088663736984 
1.0 0.2447504746286493 
1.0 0.15184125900268552 
0.2 0.18621088663736984 
1.0 0.2447504746286493 
1.0 0.15184125900268552 
0.2 0.18621088663736984 
1.0 0.2447504746286493 
1.0 0.15184125900268552 
0.2 0.18621088663736984 
1.0 0.2447504746286493 
1.0 0.15184125900268552 
0.2 0.18621088663736984 
1.0 0.2447504746286493 
1.0 0.15184125900268552 
0.2 0.18621088663736984 
1.0 0.2447504746286493 
1.0 0.15184125900268552 
0.2 0.18621088663736984 
1.0 0.2447504746286493 
1.0 0.15184125900268552 
0.2 0.18621088663736984 
1.0 0.2447504746286493 
1.0 0.15184125900268552 
0.2 0.18621088663736984 
1.0 0.2447504746286493 
1.0 0.15184125900268552 
0.2 0.18621088663736984 
1.0 0.2447504746286493 
1.0 0.15184125900268552 
0.2 0.18621088663736984 
1.0 0.2447504746286493 
1.0 0.15184125900268552 
0.2 0.18621088663736984 
1.0 0.2447504746286493 
1.0 0.15184125900268552 
0.2 0.18621088663736984 
1.0 0.2447504746286493 
1.0 0.15184125900268552 
0.2 0.18621088663736984 
1.0 0.2447504746286493 
1.0 0.15184125900268552 
0.2 0.18621088663736984 
1.0 0.2447504746286493 
1.0 0.15184125900268552 
0.2 0.18621088663736984 
1.0 0.2447504746286493 
1.0 0.15184125900268552 
0.2 0.18621088663736984 
1.0 0.2447504746286493 
1.0 0.15184125900268552 
0.2 0.18621088663736984 
1.0 0.2447504746286493 
1.0 0.15184125900268552 
0.2 0.18621088663736984 
1.0 0.2447504746286493 
1.0 0.15184125900268552 
0.2 0.18621088663736984 
1.0 0.2447504746286493 
1.0 0.15184125900268552 
0.2 0.18621088663736984 
1.0 0.2447504746286493 
1.0 0.15184125900268552 
0.2 0.18621088663736984 
1.0 0.2447504746286493 
1.0 0.15184125900268552 
0.2 0.18621088663736984 
1.0 0.2447504746286493 
1.0 0.15184125900268552 
0.2 0.18621088663736984 
1.0 0.2447504746286493 
1.0 0.15184125900268552 
0.2 0.18621088663736984 
1.0 0.2447504746286493 
1.0 0.15184125900268552 
0.2 0.18621088663736984 
1.0 0.2447504746286493 
1.0 0.15184125900268552 
0.2 0.18621088663736984 
1.0 0.2447504746286493 
1.0 0.15184125900268552 
0.2 0.18621088663736984 
1.0 0.2447504746286493 
1.0 0.15184125900268552 
0.2 0.18621088663736984 
1.0 0.2447504746286493 
1.0 0.15184125900268552 
0.2 0.18621088663736984 
1.0 0.2447504746286493 
1.0 0.15184125900268552 
0.2 0.18621088663736984 
1.0 0.2447504746286493 
1.0 0.15184125900268552 
0.2 0.18621088663736984 
1.0 0.2447504746286493 
1.0 0.15184125900268552 
0.2 0.18621088663736984 
1.0 0.2447504746286493 
1.0 0.15184125900268552 
0.2 0.18621088663736984 
1.0 0.2447504746286493 
1.0 0.15184125900268552 
0.2 0.18621088663736984 
1.0 0.2447504746286493 
1.0 0.15184125900268552 
0.2 0.18621088663736984 
1.0 0.2447504746286493 
1.0 0.15184125900268552 
0.2 0.18621088663736984 
1.0 0.2447504746286493 
1.0 0.15184125900268552 
0.2 0.18621088663736984 
1.0 0.2447504746286493 
1.0 0.15184125900268552 
0.2 0.18621088663736984 
1.0 0.2447504746286493 
1.0 0.15184125900268552 
0.2 0.18621088663736984 
1.0 0.2447504746286493 
1.0 0.15184125900268552 
0.2 0.18621088663736984 
1.0 0.2447504746286493 
1.0 0.15184125900268552 
0.2 0.18621088663736984 
1.0 0.2447504746286493 
1.0 0.15184125900268552 
0.2 0.18621088663736984 
1.0 0.2447504746286493 
1.0 0.15184125900268552 
0.2 0.18621088663736984 
1.0 0.2447504746286493 
1.0 0.15184125900268552 
0.2 0.18621088663736984 
1.0 0.2447504746286493 
1.0 0.15184125900268552 
0.2 0.18621088663736984 
1.0 0.2447504746286493 
1.0 0.15184125900268552 
0.2 0.18621088663736984 
1.0 0.2447504746286493 
1.0 0.15184125900268552 
0.2 0.18621088663736984 
1.0 0.2447504746286493 
1.0 0.15184125900268552 
0.2 0.18621088663736984 
1.0 0.2447504746286493 
1.0 0.15184125900268552 
0.2 0.18621088663736984 
1.0 0.2447504746286493 
1.0 0.15184125900268552 
0.2 0.18621088663736984 
1.0 0.2447504746286493 
1.0 0.15184125900268552 
0.2 0.18621088663736984 
1.0 0.2447504746286493 
1.0 0.15184125900268552 
0.2 0.18621088663736984 
1.0 0.2447504746286493 
1.0 0.15184125900268552 
0.2 0.18621088663736984 
1.0 0.2447504746286493 
1.0 0.15184125900268552 
0.2 0.18621088663736984 
1.0 0.2447504746286493 
1.0 0.15184125900268552 
0.2 0.18621088663736984 
1.0 0.2447504746286493 
1.0 0.15184125900268552 
0.2 0.18621088663736984 
1.0 0.2447504746286493 
1.0 0.15184125900268552 
0.2 0.18621088663736984 
1.0 0.2447504746286493 
1.0 0.15184125900268552 
0.2 0.18621088663736984 
1.0 0.2447504746286493 
1.0 0.15184125900268552 
0.2 0.18621088663736984 
1.0 0.2447504746286493 
1.0 0.15184125900268552 
0.2 0.18621088663736984 
1.0 0.2447504746286493 
1.0 0.15184125900268552 
0.2 0.18621088663736984 
1.0 0.2447504746286493 
1.0 0.15184125900268552 
0.2 0.18621088663736984 
1.0 0.2447504746286493 
1.0 0.15184125900268552 
0.2 0.18621088663736984 
1.0 0.2447504746286493 
1.0 0.15184125900268552 
0.2 0.18621088663736984 
1.0 0.2447504746286493 
1.0 0.15184125900268552 
0.2 0.18621088663736984 
1.0 0.2447504746286493 
1.0 0.15184125900268552 
0.2 0.18621088663736984 
1.0 0.2447504746286493 
1.0 0.15184125900268552 
0.2 0.18621088663736984 
1.0 0.2447504746286493 
1.0 0.15184125900268552 
0.2 0.18621088663736984 
1.0 0.2447504746286493 
1.0 0.15184125900268552 
0.2 0.18621088663736984 
1.0 0.2447504746286493 
1.0 0.15184125900268552 
0.2 0.18621088663736984 
1.0 0.2447504746286493 
1.0 0.15184125900268552 
0.2 0.18621088663736984 
1.0 0.2447504746286493 
1.0 0.15184125900268552 
0.2 0.18621088663736984 
1.0 0.2447504746286493 
1.0 0.15184125900268552 
0.2 0.18621088663736984 
1.0 0.2447504746286493 
1.0 0.15184125900268552 
0.2 0.18621088663736984 
1.0 0.2447504746286493 
1.0 0.15184125900268552 
0.2 0.18621088663736984 
1.0 0.2447504746286493 
1.0 0.15184125900268552 
0.2 0.18621088663736984 
1.0 0.2447504746286493 
1.0 0.15184125900268552 
0.2 0.18621088663736984 
1.0 0.2447504746286493 
1.0 0.15184125900268552 
0.2 0.18621088663736984 
1.0 0.2447504746286493 
1.0 0.15184125900268552 
0.2 0.18293640136718747 
1.0 0.23676310087505137 
1.0 0.15227231979370115 
0.2 0.18293640136718747 
1.0 0.23676310087505137 
1.0 0.15227231979370115 
0.2 0.18293640136718747 
1.0 0.23676310087505137 
1.0 0.15227231979370115 
0.2 0.18293640136718747 
1.0 0.23676310087505137 
1.0 0.15227231979370115 
0.2 0.18293640136718747 
1.0 0.23676310087505137 
1.0 0.15227231979370115 
0.2 0.18293640136718747 
1.0 0.23676310087505137 
1.0 0.15227231979370115 
0.2 0.18293640136718747 
1.0 0.23676310087505137 
1.0 0.15227231979370115 
0.2 0.18293640136718747 
1.0 0.23676310087505137 
1.0 0.15227231979370115 
0.2 0.18293640136718747 
1.0 0.23676310087505137 
1.0 0.15227231979370115 
0.2 0.18293640136718747 
1.0 0.23676310087505137 
1.0 0.15227231979370115 
0.2 0.18293640136718747 
1.0 0.23676310087505137 
1.0 0.15227231979370115 
0.2 0.18293640136718747 
1.0 0.23676310087505137 
1.0 0.15227231979370115 
0.2 0.18293640136718747 
1.0 0.23676310087505137 
1.0 0.15227231979370115 
0.2 0.18293640136718747 
1.0 0.23676310087505137 
1.0 0.15227231979370115 
0.2 0.18293640136718747 
1.0 0.23676310087505137 
1.0 0.15227231979370115 
0.2 0.18293640136718747 
1.0 0.23676310087505137 
1.0 0.15227231979370115 
0.2 0.18293640136718747 
1.0 0.23676310087505137 
1.0 0.15227231979370115 
0.2 0.18293640136718747 
1.0 0.23676310087505137 
1.0 0.15227231979370115 
0.2 0.18389770507812497 
1.0 0.23878509119937297 
1.0 0.15143451690673826 
0.2 0.18389770507812497 
1.0 0.23878509119937297 
1.0 0.15143451690673826 
0.2 0.18389770507812497 
1.0 0.23878509119937297 
1.0 0.15143451690673826 
0.2 0.18389770507812497 
1.0 0.23878509119937297 
1.0 0.15143451690673826 
0.2 0.18389770507812497 
1.0 0.23878509119937297 
1.0 0.15143451690673826 
0.2 0.18389770507812497 
1.0 0.23878509119937297 
1.0 0.15143451690673826 
0.2 0.18389770507812497 
1.0 0.23878509119937297 
1.0 0.15143451690673826 
0.2 0.18389770507812497 
1.0 0.23878509119937297 
1.0 0.15143451690673826 
0.2 0.18389770507812497 
1.0 0.23878509119937297 
1.0 0.15143451690673826 
0.2 0.18389770507812497 
1.0 0.23878509119937297 
1.0 0.15143451690673826 
0.2 0.18389770507812497 
1.0 0.23878509119937297 
1.0 0.15143451690673826 
0.2 0.18389770507812497 
1.0 0.23878509119937297 
1.0 0.15143451690673826 
0.2 0.18389770507812497 
1.0 0.23878509119937297 
1.0 0.15143451690673826 
0.2 0.18389770507812497 
1.0 0.23878509119937297 
1.0 0.15143451690673826 
0.2 0.18389770507812497 
1.0 0.23878509119937297 
1.0 0.15143451690673826 
0.2 0.18389770507812497 
1.0 0.23878509119937297 
1.0 0.15143451690673826 
0.2 0.18389770507812497 
1.0 0.23878509119937297 
1.0 0.15143451690673826 
0.2 0.18389770507812497 
1.0 0.23878509119937297 
1.0 0.15143451690673826 
0.2 0.18389770507812497 
1.0 0.23878509119937297 
1.0 0.15143451690673826 
0.2 0.18389770507812497 
1.0 0.23878509119937297 
1.0 0.15143451690673826 
0.2 0.18389770507812497 
1.0 0.23878509119937297 
1.0 0.15143451690673826 
0.2 0.18389770507812497 
1.0 0.23878509119937297 
1.0 0.15143451690673826 
0.2 0.18389770507812497 
1.0 0.23878509119937297 
1.0 0.15143451690673826 
0.2 0.18389770507812497 
1.0 0.23878509119937297 
1.0 0.15143451690673826 
0.2 0.18389770507812497 
1.0 0.23878509119937297 
1.0 0.15143451690673826 
0.2 0.18389770507812497 
1.0 0.23878509119937297 
1.0 0.15143451690673826 
0.2 0.18389770507812497 
1.0 0.23878509119937297 
1.0 0.15143451690673826 
0.2 0.18389770507812497 
1.0 0.23878509119937297 
1.0 0.15143451690673826 
0.2 0.18389770507812497 
1.0 0.23878509119937297 
1.0 0.15143451690673826 
0.2 0.18389770507812497 
1.0 0.23878509119937297 
1.0 0.15143451690673826 
0.2 0.18389770507812497 
1.0 0.23878509119937297 
1.0 0.15143451690673826 
0.2 0.18389770507812497 
1.0 0.23878509119937297 
1.0 0.15143451690673826 
0.2 0.18389770507812497 
1.0 0.23878509119937297 
1.0 0.15143451690673826 
0.2 0.18389770507812497 
1.0 0.23878509119937297 
1.0 0.15143451690673826 
0.2 0.18389770507812497 
1.0 0.23878509119937297 
1.0 0.15143451690673826 
0.2 0.18389770507812497 
1.0 0.23878509119937297 
1.0 0.15143451690673826 
0.2 0.18389770507812497 
1.0 0.23878509119937297 
1.0 0.15143451690673826 
0.2 0.18389770507812497 
1.0 0.23878509119937297 
1.0 0.15143451690673826 
0.2 0.18389770507812497 
1.0 0.23878509119937297 
1.0 0.15143451690673826 
0.2 0.18389770507812497 
1.0 0.23878509119937297 
1.0 0.15143451690673826 
0.2 0.18389770507812497 
1.0 0.23878509119937297 
1.0 0.15143451690673826 
0.2 0.18389770507812497 
1.0 0.23878509119937297 
1.0 0.15143451690673826 
0.2 0.18389770507812497 
1.0 0.23878509119937297 
1.0 0.15143451690673826 
0.2 0.18389770507812497 
1.0 0.23878509119937297 
1.0 0.15143451690673826 
0.2 0.18389770507812497 
1.0 0.23878509119937297 
1.0 0.15143451690673826 
0.2 0.18389770507812497 
1.0 0.23878509119937297 
1.0 0.15143451690673826 
0.2 0.18389770507812497 
1.0 0.23878509119937297 
1.0 0.15143451690673826 
0.2 0.18389770507812497 
1.0 0.23878509119937297 
1.0 0.15143451690673826 
0.2 0.18389770507812497 
1.0 0.23878509119937297 
1.0 0.15143451690673826 
0.2 0.18389770507812497 
1.0 0.23878509119937297 
1.0 0.15143451690673826 
0.2 0.18389770507812497 
1.0 0.23878509119937297 
1.0 0.15143451690673826 
0.2 0.18389770507812497 
1.0 0.23878509119937297 
1.0 0.15143451690673826 
0.2 0.18389770507812497 
1.0 0.23878509119937297 
1.0 0.15143451690673826 
0.2 0.18389770507812497 
1.0 0.23878509119937297 
1.0 0.15143451690673826 
0.2 0.18389770507812497 
1.0 0.23878509119937297 
1.0 0.15143451690673826 
0.2 0.18389770507812497 
1.0 0.23878509119937297 
1.0 0.15143451690673826 
0.2 0.18389770507812497 
1.0 0.23878509119937297 
1.0 0.15143451690673826 
0.2 0.18389770507812497 
1.0 0.23878509119937297 
1.0 0.15143451690673826 
0.2 0.18389770507812497 
1.0 0.23878509119937297 
1.0 0.15143451690673826 
0.2 0.18389770507812497 
1.0 0.23878509119937297 
1.0 0.15143451690673826 
0.2 0.18389770507812497 
1.0 0.23878509119937297 
1.0 0.15143451690673826 
0.2 0.18389770507812497 
1.0 0.23878509119937297 
1.0 0.15143451690673826 
0.2 0.18389770507812497 
1.0 0.23878509119937297 
1.0 0.15143451690673826 
0.2 0.18389770507812497 
1.0 0.23878509119937297 
1.0 0.15143451690673826 
0.2 0.18389770507812497 
1.0 0.23878509119937297 
1.0 0.15143451690673826 
0.2 0.18389770507812497 
1.0 0.23878509119937297 
1.0 0.15143451690673826 
0.2 0.18389770507812497 
1.0 0.23878509119937297 
1.0 0.15143451690673826 
0.2 0.18389770507812497 
1.0 0.23878509119937297 
1.0 0.15143451690673826 
0.2 0.18389770507812497 
1.0 0.23878509119937297 
1.0 0.15143451690673826 
0.2 0.18389770507812497 
1.0 0.23878509119937297 
1.0 0.15143451690673826 
0.2 0.18389770507812497 
1.0 0.23878509119937297 
1.0 0.15143451690673826 
0.2 0.18389770507812497 
1.0 0.23878509119937297 
1.0 0.15143451690673826 
0.2 0.18389770507812497 
1.0 0.23878509119937297 
1.0 0.15143451690673826 
0.2 0.18389770507812497 
1.0 0.23878509119937297 
1.0 0.15143451690673826 
0.2 0.18389770507812497 
1.0 0.23878509119937297 
1.0 0.15143451690673826 
0.2 0.18389770507812497 
1.0 0.23878509119937297 
1.0 0.15143451690673826 
0.2 0.18389770507812497 
1.0 0.23878509119937297 
1.0 0.15143451690673826 
0.2 0.18389770507812497 
1.0 0.23878509119937297 
1.0 0.15143451690673826 
0.2 0.18389770507812497 
1.0 0.23878509119937297 
1.0 0.15143451690673826 
0.2 0.18389770507812497 
1.0 0.23878509119937297 
1.0 0.15143451690673826 
0.2 0.18389770507812497 
1.0 0.23878509119937297 
1.0 0.15143451690673826 
0.2 0.18389770507812497 
1.0 0.23878509119937297 
1.0 0.15143451690673826 
0.2 0.18389770507812497 
1.0 0.23878509119937297 
1.0 0.15143451690673826 
0.2 0.18389770507812497 
1.0 0.23878509119937297 
1.0 0.15143451690673826 
0.2 0.18389770507812497 
1.0 0.23878509119937297 
1.0 0.15143451690673826 
0.2 0.18389770507812497 
1.0 0.23878509119937297 
1.0 0.15143451690673826 
0.2 0.18389770507812497 
1.0 0.23878509119937297 
1.0 0.15143451690673826 
0.2 0.18389770507812497 
1.0 0.23878509119937297 
1.0 0.15143451690673826 
0.2 0.18389770507812497 
1.0 0.23878509119937297 
1.0 0.15143451690673826 
0.2 0.18389770507812497 
1.0 0.23878509119937297 
1.0 0.15143451690673826 
0.2 0.18389770507812497 
1.0 0.23878509119937297 
1.0 0.15143451690673826 
0.2 0.18389770507812497 
1.0 0.23878509119937297 
1.0 0.15143451690673826 
0.2 0.18389770507812497 
1.0 0.23878509119937297 
1.0 0.15143451690673826 
0.2 0.18389770507812497 
1.0 0.23878509119937297 
1.0 0.15143451690673826 
0.2 0.18389770507812497 
1.0 0.23878509119937297 
1.0 0.15143451690673826 
0.2 0.18389770507812497 
1.0 0.23878509119937297 
1.0 0.15143451690673826 
0.2 0.18389770507812497 
1.0 0.23878509119937297 
1.0 0.15143451690673826 
0.2 0.18389770507812497 
1.0 0.23878509119937297 
1.0 0.15143451690673826 
0.2 0.18389770507812497 
1.0 0.23878509119937297 
1.0 0.15143451690673826 
0.2 0.18389770507812497 
1.0 0.23878509119937297 
1.0 0.15143451690673826 
0.2 0.18389770507812497 
1.0 0.23878509119937297 
1.0 0.15143451690673826 
0.2 0.18389770507812497 
1.0 0.23878509119937297 
1.0 0.15143451690673826 
0.2 0.18389770507812497 
1.0 0.23878509119937297 
1.0 0.15143451690673826 
0.2 0.18389770507812497 
1.0 0.23878509119937297 
1.0 0.15143451690673826 
0.2 0.18389770507812497 
1.0 0.23878509119937297 
1.0 0.15143451690673826 
0.2 0.18389770507812497 
1.0 0.23878509119937297 
1.0 0.15143451690673826 
0.2 0.18389770507812497 
1.0 0.23878509119937297 
1.0 0.15143451690673826 
0.2 0.18389770507812497 
1.0 0.23878509119937297 
1.0 0.15143451690673826 
0.2 0.18389770507812497 
1.0 0.23878509119937297 
1.0 0.15143451690673826 
0.2 0.18389770507812497 
1.0 0.23878509119937297 
1.0 0.15143451690673826 
0.2 0.18389770507812497 
1.0 0.23878509119937297 
1.0 0.15143451690673826 
0.2 0.18389770507812497 
1.0 0.23878509119937297 
1.0 0.15143451690673826 
0.2 0.18389770507812497 
1.0 0.23878509119937297 
1.0 0.15143451690673826 
0.2 0.18389770507812497 
1.0 0.23878509119937297 
1.0 0.15143451690673826 
0.2 0.18389770507812497 
1.0 0.23878509119937297 
1.0 0.15143451690673826 
0.2 0.18389770507812497 
1.0 0.23878509119937297 
1.0 0.15143451690673826 
0.2 0.18389770507812497 
1.0 0.23878509119937297 
1.0 0.15143451690673826 
0.2 0.18389770507812497 
1.0 0.23878509119937297 
1.0 0.15143451690673826 
0.2 0.18389770507812497 
1.0 0.23878509119937297 
1.0 0.15143451690673826 
0.2 0.18389770507812497 
1.0 0.23878509119937297 
1.0 0.15143451690673826 
0.2 0.18389770507812497 
1.0 0.23878509119937297 
1.0 0.15143451690673826 
0.2 0.18389770507812497 
1.0 0.23878509119937297 
1.0 0.15143451690673826 
0.2 0.18389770507812497 
1.0 0.23878509119937297 
1.0 0.15143451690673826 
0.2 0.18389770507812497 
1.0 0.23878509119937297 
1.0 0.15143451690673826 
0.2 0.18389770507812497 
1.0 0.23878509119937297 
1.0 0.15143451690673826 
0.2 0.18389770507812497 
1.0 0.23878509119937297 
1.0 0.15143451690673826 
0.2 0.18389770507812497 
1.0 0.23878509119937297 
1.0 0.15143451690673826 
0.2 0.18389770507812497 
1.0 0.23878509119937297 
1.0 0.15143451690673826 
0.2 0.18389770507812497 
1.0 0.23878509119937297 
1.0 0.15143451690673826 
0.2 0.18389770507812497 
1.0 0.23878509119937297 
1.0 0.15143451690673826 
0.2 0.18389770507812497 
1.0 0.23878509119937297 
1.0 0.15143451690673826 
0.2 0.18389770507812497 
1.0 0.23878509119937297 
1.0 0.15143451690673826 
0.2 0.18389770507812497 
1.0 0.23878509119937297 
1.0 0.15143451690673826 
0.2 0.18389770507812497 
1.0 0.23878509119937297 
1.0 0.15143451690673826 
0.2 0.18389770507812497 
1.0 0.23878509119937297 
1.0 0.15143451690673826 
0.2 0.18389770507812497 
1.0 0.23878509119937297 
1.0 0.15143451690673826 
0.2 0.18389770507812497 
1.0 0.23878509119937297 
1.0 0.15143451690673826 
0.2 0.18389770507812497 
1.0 0.23878509119937297 
1.0 0.15143451690673826 
0.2 0.18389770507812497 
1.0 0.23878509119937297 
1.0 0.15143451690673826 
0.2 0.18389770507812497 
1.0 0.23878509119937297 
1.0 0.15143451690673826 
0.2 0.18389770507812497 
1.0 0.23878509119937297 
1.0 0.15143451690673826 
0.2 0.18389770507812497 
1.0 0.23878509119937297 
1.0 0.15143451690673826 
0.2 0.18389770507812497 
1.0 0.23878509119937297 
1.0 0.15143451690673826 
0.2 0.18389770507812497 
1.0 0.23878509119937297 
1.0 0.15143451690673826 
0.2 0.18389770507812497 
1.0 0.23878509119937297 
1.0 0.15143451690673826 
0.2 0.18389770507812497 
1.0 0.23878509119937297 
1.0 0.15143451690673826 
0.2 0.18389770507812497 
1.0 0.23878509119937297 
1.0 0.15143451690673826 
0.2 0.18389770507812497 
1.0 0.23878509119937297 
1.0 0.15143451690673826 
0.2 0.18389770507812497 
1.0 0.23878509119937297 
1.0 0.15143451690673826 
0.2 0.18389770507812497 
1.0 0.23878509119937297 
1.0 0.15143451690673826 
0.2 0.18389770507812497 
1.0 0.23878509119937297 
1.0 0.15143451690673826 
0.2 0.18389770507812497 
1.0 0.23878509119937297 
1.0 0.15143451690673826 
0.2 0.18389770507812497 
1.0 0.23878509119937297 
1.0 0.15143451690673826 
0.2 0.18389770507812497 
1.0 0.23878509119937297 
1.0 0.15143451690673826 
0.2 0.18389770507812497 
1.0 0.23878509119937297 
1.0 0.15143451690673826 
0.2 0.18389770507812497 
1.0 0.23878509119937297 
1.0 0.15143451690673826 
0.2 0.18389770507812497 
1.0 0.23878509119937297 
1.0 0.15143451690673826 
0.2 0.18389770507812497 
1.0 0.23878509119937297 
1.0 0.15143451690673826 
0.2 0.18389770507812497 
1.0 0.23878509119937297 
1.0 0.15143451690673826 
0.2 0.18389770507812497 
1.0 0.23878509119937297 
1.0 0.15143451690673826 
0.2 0.18389770507812497 
1.0 0.23878509119937297 
1.0 0.15143451690673826 
0.2 0.18389770507812497 
1.0 0.23878509119937297 
1.0 0.15143451690673826 
0.2 0.18389770507812497 
1.0 0.23878509119937297 
1.0 0.15143451690673826 
0.2 0.18389770507812497 
1.0 0.23878509119937297 
1.0 0.15143451690673826 
0.2 0.18389770507812497 
1.0 0.23878509119937297 
1.0 0.15143451690673826 
0.2 0.18389770507812497 
1.0 0.23878509119937297 
1.0 0.15143451690673826 
0.2 0.18389770507812497 
1.0 0.23878509119937297 
1.0 0.15143451690673826 
0.2 0.18389770507812497 
1.0 0.23878509119937297 
1.0 0.15143451690673826 
0.2 0.18389770507812497 
1.0 0.23878509119937297 
1.0 0.15143451690673826 
0.2 0.18389770507812497 
1.0 0.23878509119937297 
1.0 0.15143451690673826 
0.2 0.18389770507812497 
1.0 0.23878509119937297 
1.0 0.15143451690673826 
0.2 0.18389770507812497 
1.0 0.23878509119937297 
1.0 0.15143451690673826 
0.2 0.18389770507812497 
1.0 0.23878509119937297 
1.0 0.15143451690673826 
0.2 0.18389770507812497 
1.0 0.23878509119937297 
1.0 0.15143451690673826 
0.2 0.18389770507812497 
1.0 0.23878509119937297 
1.0 0.15143451690673826 
0.2 0.18389770507812497 
1.0 0.23878509119937297 
1.0 0.15143451690673826 
0.2 0.18389770507812497 
1.0 0.23878509119937297 
1.0 0.15143451690673826 
0.2 0.18389770507812497 
1.0 0.23878509119937297 
1.0 0.15143451690673826 
0.2 0.18389770507812497 
1.0 0.23878509119937297 
1.0 0.15143451690673826 
0.2 0.18389770507812497 
1.0 0.23878509119937297 
1.0 0.15143451690673826 
0.2 0.18389770507812497 
1.0 0.23878509119937297 
1.0 0.15143451690673826 
0.2 0.18389770507812497 
1.0 0.23878509119937297 
1.0 0.15143451690673826 
0.2 0.18389770507812497 
1.0 0.23878509119937297 
1.0 0.15143451690673826 
0.2 0.18389770507812497 
1.0 0.23878509119937297 
1.0 0.15143451690673826 
0.2 0.18389770507812497 
1.0 0.23878509119937297 
1.0 0.15143451690673826 
0.2 0.18389770507812497 
1.0 0.23878509119937297 
1.0 0.15143451690673826 
0.2 0.18389770507812497 
1.0 0.23878509119937297 
1.0 0.15143451690673826 
0.2 0.18389770507812497 
1.0 0.23878509119937297 
1.0 0.15143451690673826 
0.2 0.18389770507812497 
1.0 0.23878509119937297 
1.0 0.15143451690673826 
0.2 0.18389770507812497 
1.0 0.23878509119937297 
1.0 0.15143451690673826 
0.2 0.18389770507812497 
1.0 0.23878509119937297 
1.0 0.15143451690673826 
0.2 0.18389770507812497 
1.0 0.23878509119937297 
1.0 0.15143451690673826 
0.2 0.18389770507812497 
1.0 0.23878509119937297 
1.0 0.15143451690673826 
0.2 0.18389770507812497 
1.0 0.23878509119937297 
1.0 0.15143451690673826 
0.2 0.18389770507812497 
1.0 0.23878509119937297 
1.0 0.15143451690673826 
0.2 0.18389770507812497 
1.0 0.23878509119937297 
1.0 0.15143451690673826 
0.2 0.18389770507812497 
1.0 0.23878509119937297 
1.0 0.15143451690673826 
0.2 0.18389770507812497 
1.0 0.23878509119937297 
1.0 0.15143451690673826 
0.2 0.18389770507812497 
1.0 0.23878509119937297 
1.0 0.15143451690673826 
0.2 0.18389770507812497 
1.0 0.23878509119937297 
1.0 0.15143451690673826 
0.2 0.18389770507812497 
1.0 0.23878509119937297 
1.0 0.15143451690673826 
0.2 0.18389770507812497 
1.0 0.23878509119937297 
1.0 0.15143451690673826 
0.2 0.18389770507812497 
1.0 0.23878509119937297 
1.0 0.15143451690673826 
0.2 0.18389770507812497 
1.0 0.23878509119937297 
1.0 0.15143451690673826 
0.2 0.18389770507812497 
1.0 0.23878509119937297 
1.0 0.15143451690673826 
0.2 0.18389770507812497 
1.0 0.23878509119937297 
1.0 0.15143451690673826 
0.2 0.18389770507812497 
1.0 0.23878509119937297 
1.0 0.15143451690673826 
0.2 0.18389770507812497 
1.0 0.23878509119937297 
1.0 0.15143451690673826 
0.2 0.18389770507812497 
1.0 0.23878509119937297 
1.0 0.15143451690673826 
0.2 0.18389770507812497 
1.0 0.23878509119937297 
1.0 0.15143451690673826 
0.2 0.18389770507812497 
1.0 0.23878509119937297 
1.0 0.15143451690673826 
0.2 0.18389770507812497 
1.0 0.23878509119937297 
1.0 0.15143451690673826 
0.2 0.18389770507812497 
1.0 0.23878509119937297 
1.0 0.15143451690673826 
0.2 0.18389770507812497 
1.0 0.23878509119937297 
1.0 0.15143451690673826 
0.2 0.18389770507812497 
1.0 0.23878509119937297 
1.0 0.15143451690673826 
0.2 0.18389770507812497 
1.0 0.23878509119937297 
1.0 0.15143451690673826 
0.2 0.18389770507812497 
1.0 0.23878509119937297 
1.0 0.15143451690673826 
0.2 0.18389770507812497 
1.0 0.23878509119937297 
1.0 0.15143451690673826 
0.2 0.18389770507812497 
1.0 0.23878509119937297 
1.0 0.15143451690673826 
0.2 0.18389770507812497 
1.0 0.23878509119937297 
1.0 0.15143451690673826 
0.2 0.18389770507812497 
1.0 0.23878509119937297 
1.0 0.15143451690673826 
0.2 0.18389770507812497 
1.0 0.23878509119937297 
1.0 0.15143451690673826 
0.2 0.18389770507812497 
1.0 0.23878509119937297 
1.0 0.15143451690673826 
0.2 0.18389770507812497 
1.0 0.23878509119937297 
1.0 0.15143451690673826 
0.2 0.18389770507812497 
1.0 0.23878509119937297 
1.0 0.15143451690673826 
0.2 0.18389770507812497 
1.0 0.23878509119937297 
1.0 0.15143451690673826 
0.2 0.18389770507812497 
1.0 0.23878509119937297 
1.0 0.15143451690673826 
0.2 0.18389770507812497 
1.0 0.23878509119937297 
1.0 0.15143451690673826 
0.2 0.18389770507812497 
1.0 0.23878509119937297 
1.0 0.15143451690673826 
0.2 0.18389770507812497 
1.0 0.23878509119937297 
1.0 0.15143451690673826 
0.2 0.18389770507812497 
1.0 0.23878509119937297 
1.0 0.15143451690673826 
0.2 0.18389770507812497 
1.0 0.23878509119937297 
1.0 0.15143451690673826 
0.2 0.18389770507812497 
1.0 0.23878509119937297 
1.0 0.15143451690673826 
0.2 0.18389770507812497 
1.0 0.23878509119937297 
1.0 0.15143451690673826 
0.2 0.18389770507812497 
1.0 0.23878509119937297 
1.0 0.15143451690673826 
0.2 0.18389770507812497 
1.0 0.23878509119937297 
1.0 0.15143451690673826 
0.2 0.18389770507812497 
1.0 0.23878509119937297 
1.0 0.15143451690673826 
0.2 0.18389770507812497 
1.0 0.23878509119937297 
1.0 0.15143451690673826 
0.2 0.18389770507812497 
1.0 0.23878509119937297 
1.0 0.15143451690673826 
0.2 0.18389770507812497 
1.0 0.23878509119937297 
1.0 0.15143451690673826 
0.2 0.18389770507812497 
1.0 0.23878509119937297 
1.0 0.15143451690673826 
0.2 0.18389770507812497 
1.0 0.23878509119937297 
1.0 0.15143451690673826 
0.2 0.18389770507812497 
1.0 0.23878509119937297 
1.0 0.15143451690673826 
0.2 0.18389770507812497 
1.0 0.23878509119937297 
1.0 0.15143451690673826 
0.2 0.18389770507812497 
1.0 0.23878509119937297 
1.0 0.15143451690673826 
0.2 0.18389770507812497 
1.0 0.23878509119937297 
1.0 0.15143451690673826 
0.2 0.18389770507812497 
1.0 0.23878509119937297 
1.0 0.15143451690673826 
0.2 0.18389770507812497 
1.0 0.23878509119937297 
1.0 0.15143451690673826 
0.2 0.18389770507812497 
1.0 0.23878509119937297 
1.0 0.15143451690673826 
0.2 0.18389770507812497 
1.0 0.23878509119937297 
1.0 0.15143451690673826 
0.2 0.18389770507812497 
1.0 0.23878509119937297 
1.0 0.15143451690673826 
0.2 0.18389770507812497 
1.0 0.23878509119937297 
1.0 0.15143451690673826 
0.2 0.18389770507812497 
1.0 0.23878509119937297 
1.0 0.15143451690673826 
0.2 0.18389770507812497 
1.0 0.23878509119937297 
1.0 0.15143451690673826 
0.2 0.18389770507812497 
1.0 0.23878509119937297 
1.0 0.15143451690673826 
0.2 0.18389770507812497 
1.0 0.23878509119937297 
1.0 0.15143451690673826 
0.2 0.18389770507812497 
1.0 0.23878509119937297 
1.0 0.15143451690673826 
0.2 0.18389770507812497 
1.0 0.23878509119937297 
1.0 0.15143451690673826 
0.2 0.18389770507812497 
1.0 0.23878509119937297 
1.0 0.15143451690673826 
0.2 0.18389770507812497 
1.0 0.23878509119937297 
1.0 0.15143451690673826 
0.2 0.18389770507812497 
1.0 0.23878509119937297 
1.0 0.15143451690673826 
0.2 0.18389770507812497 
1.0 0.23878509119937297 
1.0 0.15143451690673826 
0.2 0.18389770507812497 
1.0 0.23878509119937297 
1.0 0.15143451690673826 
0.2 0.18389770507812497 
1.0 0.23878509119937297 
1.0 0.15143451690673826 
0.2 0.18389770507812497 
1.0 0.23878509119937297 
1.0 0.15143451690673826 
0.2 0.18389770507812497 
1.0 0.23878509119937297 
1.0 0.15143451690673826 
0.2 0.18389770507812497 
1.0 0.23878509119937297 
1.0 0.15143451690673826 
0.2 0.18389770507812497 
1.0 0.23878509119937297 
1.0 0.15143451690673826 
0.2 0.18389770507812497 
1.0 0.23878509119937297 
1.0 0.15143451690673826 
0.2 0.18389770507812497 
1.0 0.23878509119937297 
1.0 0.15143451690673826 
0.2 0.18389770507812497 
1.0 0.23878509119937297 
1.0 0.15143451690673826 
0.2 0.18389770507812497 
1.0 0.23878509119937297 
1.0 0.15143451690673826 
0.2 0.18389770507812497 
1.0 0.23878509119937297 
1.0 0.15143451690673826 
0.2 0.18389770507812497 
1.0 0.23878509119937297 
1.0 0.15143451690673826 
0.2 0.18389770507812497 
1.0 0.23878509119937297 
1.0 0.15143451690673826 
0.2 0.18389770507812497 
1.0 0.23878509119937297 
1.0 0.15143451690673826 
0.2 0.18389770507812497 
1.0 0.23878509119937297 
1.0 0.15143451690673826 
0.2 0.18389770507812497 
1.0 0.23878509119937297 
1.0 0.15143451690673826 
0.2 0.18389770507812497 
1.0 0.23878509119937297 
1.0 0.15143451690673826 
0.2 0.18389770507812497 
1.0 0.23878509119937297 
1.0 0.15143451690673826 
0.2 0.18389770507812497 
1.0 0.23878509119937297 
1.0 0.15143451690673826 
0.2 0.18389770507812497 
1.0 0.23878509119937297 
1.0 0.15143451690673826 
0.2 0.18389770507812497 
1.0 0.23878509119937297 
1.0 0.15143451690673826 
0.2 0.18389770507812497 
1.0 0.23878509119937297 
1.0 0.15143451690673826 
0.2 0.18389770507812497 
1.0 0.23878509119937297 
1.0 0.15143451690673826 
0.2 0.18389770507812497 
1.0 0.23878509119937297 
1.0 0.15143451690673826 
0.2 0.18389770507812497 
1.0 0.23878509119937297 
1.0 0.15143451690673826 
0.2 0.18389770507812497 
1.0 0.23878509119937297 
1.0 0.15143451690673826 
0.2 0.18389770507812497 
1.0 0.23878509119937297 
1.0 0.15143451690673826 
0.2 0.18389770507812497 
1.0 0.23878509119937297 
1.0 0.15143451690673826 
0.2 0.18389770507812497 
1.0 0.23878509119937297 
1.0 0.15143451690673826 
0.2 0.18389770507812497 
1.0 0.23878509119937297 
1.0 0.15143451690673826 
0.2 0.18389770507812497 
1.0 0.23878509119937297 
1.0 0.15143451690673826 
0.2 0.18389770507812497 
1.0 0.23878509119937297 
1.0 0.15143451690673826 
0.2 0.18389770507812497 
1.0 0.23878509119937297 
1.0 0.15143451690673826 
0.2 0.18389770507812497 
1.0 0.23878509119937297 
1.0 0.15143451690673826 
0.2 0.18389770507812497 
1.0 0.23878509119937297 
1.0 0.15143451690673826 
0.2 0.18389770507812497 
1.0 0.23878509119937297 
1.0 0.15143451690673826 
0.2 0.18389770507812497 
1.0 0.23878509119937297 
1.0 0.15143451690673826 
0.2 0.18389770507812497 
1.0 0.23878509119937297 
1.0 0.15143451690673826 
0.2 0.18389770507812497 
1.0 0.23878509119937297 
1.0 0.15143451690673826 
0.2 0.18389770507812497 
1.0 0.23878509119937297 
1.0 0.15143451690673826 
