# PLDDT for structure 
0 0.549839437007904 
1 0.5808545351028442 
2 0.6405131220817566 
3 0.7285704612731934 
4 0.7438117265701294 
5 0.7684963345527649 
6 0.8132203817367554 
7 0.8217831254005432 
8 0.8393375873565674 
9 0.8602845072746277 
10 0.873417317867279 
11 0.8825672268867493 
12 0.9032796621322632 
13 0.917218804359436 
14 0.9044172167778015 
15 0.9117239713668823 
16 0.9246095418930054 
17 0.9117139577865601 
18 0.8939486145973206 
19 0.8998632431030273 
20 0.895738959312439 
21 0.8651086688041687 
22 0.845774233341217 
23 0.8407668471336365 
24 0.8395874500274658 
25 0.8119516968727112 
26 0.7905662059783936 
27 0.7655274868011475 
28 0.7090502381324768 
29 0.6943239569664001 
30 0.6697200536727905 
31 0.5658658742904663 
32 0.5621024370193481 
33 0.6062077283859253 
34 0.5013328790664673 
35 0.5120988488197327 
36 0.6254934072494507 
37 0.6616391539573669 
38 0.7266722321510315 
39 0.7193102240562439 
40 0.8098732829093933 
41 0.8452266454696655 
42 0.8565812706947327 
43 0.8669678568840027 
44 0.8698620200157166 
45 0.8821307420730591 
46 0.9040297865867615 
47 0.9078083634376526 
48 0.8987862467765808 
49 0.9025694727897644 
50 0.91358482837677 
51 0.8955909609794617 
52 0.870284378528595 
53 0.8676271438598633 
54 0.859102725982666 
55 0.840412974357605 
56 0.8157137036323547 
57 0.8031818866729736 
58 0.7903386354446411 
59 0.7638899683952332 
60 0.7168160676956177 
61 0.7208209037780762 
62 0.7239780426025391 
63 0.6792473793029785 
64 0.7504011392593384 
65 0.7532560229301453 
66 0.8065339922904968 
67 0.7978295087814331 
68 0.788203775882721 
69 0.8118391633033752 
70 0.8181056976318359 
71 0.8096917867660522 
72 0.8114151954650879 
73 0.8568858504295349 
74 0.8687331080436707 
75 0.8500982522964478 
76 0.8650578856468201 
77 0.8840153813362122 
78 0.8868772387504578 
79 0.881276547908783 
80 0.8853543996810913 
81 0.8812968134880066 
82 0.8896763920783997 
83 0.8901748657226562 
84 0.8716093301773071 
85 0.8661145567893982 
86 0.8842479586601257 
87 0.8761633038520813 
88 0.8534480333328247 
89 0.8677825331687927 
90 0.8806755542755127 
91 0.862738311290741 
92 0.849582314491272 
93 0.8762314915657043 
94 0.8723297715187073 
95 0.8467966914176941 
96 0.8550088405609131 
97 0.8591907024383545 
98 0.846718430519104 
99 0.8287651538848877 
100 0.8227628469467163 
101 0.8059197068214417 
102 0.795325756072998 
103 0.7581744194030762 
104 0.736924409866333 
105 0.7647631764411926 
106 0.7810211181640625 
107 0.7534961104393005 
108 0.7652339935302734 
109 0.7797066569328308 
110 0.7400258183479309 
111 0.7287185788154602 
112 0.7508713006973267 
113 0.7398545742034912 
114 0.7127895951271057 
115 0.6233978271484375 
116 0.6050009727478027 
117 0.6841502785682678 
118 0.7489869594573975 
119 0.790558934211731 
120 0.8227135539054871 
121 0.8190357685089111 
122 0.8268128037452698 
123 0.8019633889198303 
124 0.7906599044799805 
125 0.7335602045059204 
126 0.7801604270935059 
127 0.7660689353942871 
128 0.7929796576499939 
129 0.809533953666687 
130 0.8015453219413757 
131 0.8133103251457214 
132 0.8442297577857971 
133 0.8551822304725647 
134 0.8330179452896118 
135 0.8434874415397644 
136 0.8563712239265442 
137 0.8572599291801453 
138 0.8394597172737122 
139 0.8595643043518066 
140 0.8696407675743103 
141 0.8517807722091675 
142 0.8619113564491272 
143 0.8801161646842957 
144 0.8708597421646118 
145 0.8613407015800476 
146 0.8851650953292847 
147 0.8866990804672241 
148 0.8765283823013306 
149 0.8695091605186462 
150 0.8888832330703735 
151 0.8887686133384705 
152 0.866936445236206 
153 0.8745295405387878 
154 0.8799431920051575 
155 0.8806769847869873 
156 0.8711703419685364 
157 0.8683213591575623 
158 0.8678136467933655 
159 0.871252715587616 
160 0.8666388988494873 
161 0.846032977104187 
162 0.8371964693069458 
163 0.8296791911125183 
164 0.7961738109588623 
165 0.7674770951271057 
166 0.7443097829818726 
167 0.7106378078460693 
168 0.606978714466095 
169 0.7477073073387146 
170 0.8351303935050964 
171 0.8470384478569031 
172 0.8777814507484436 
173 0.8906651139259338 
174 0.8826072812080383 
175 0.8987959623336792 
176 0.9039217233657837 
177 0.893623411655426 
178 0.8900995850563049 
179 0.9001242518424988 
180 0.8917016386985779 
181 0.862683117389679 
182 0.8599690198898315 
183 0.8583731055259705 
184 0.8413149118423462 
185 0.8116541504859924 
186 0.8093403577804565 
187 0.786734938621521 
188 0.6820434927940369 
