1.0 25.15548744138218 
1.0 25.429079792168253 
1.0 24.15431394308436 
1.0 24.15431394308436 
1.0 23.683355935678165 
1.0 23.683355935678165 
1.0 23.46676725077004 
1.0 23.528019565494674 
1.0 22.71861314490675 
1.0 22.71861314490675 
1.0 21.98703418498042 
1.0 21.98703418498042 
1.0 21.939863389198493 
1.0 21.939863389198493 
1.0 21.530883120982377 
1.0 21.530883120982377 
1.0 21.530883120982377 
1.0 21.530883120982377 
1.0 21.157748865841466 
1.0 21.157748865841466 
1.0 21.078560744918967 
1.0 21.078560744918967 
1.0 21.04721199838923 
1.0 21.04721199838923 
1.0 20.968999249716568 
1.0 20.968999249716568 
1.0 20.968999249716568 
1.0 20.968999249716568 
1.0 20.931465021222955 
1.0 20.931465021222955 
1.0 20.776828031711073 
1.0 20.776828031711073 
1.0 20.776828031711073 
1.0 20.776828031711073 
1.0 20.770339306674867 
1.0 20.770339306674867 
1.0 20.770339306674867 
1.0 20.770339306674867 
1.0 20.770339306674867 
1.0 20.770339306674867 
1.0 20.770339306674867 
1.0 20.770339306674867 
1.0 20.6711797051499 
1.0 20.6711797051499 
1.0 20.693467035081852 
1.0 20.693467035081852 
1.0 20.693467035081852 
1.0 20.693467035081852 
1.0 20.68665153944845 
1.0 20.68665153944845 
1.0 20.641162333324456 
1.0 20.641162333324456 
1.0 20.481449932512657 
1.0 20.481449932512657 
1.0 20.481449932512657 
1.0 20.481449932512657 
1.0 20.481449932512657 
1.0 20.481449932512657 
1.0 20.459434238073122 
1.0 20.459434238073122 
1.0 20.459434238073122 
1.0 20.459434238073122 
1.0 20.459434238073122 
1.0 20.459434238073122 
1.0 20.411040550212274 
1.0 20.411040550212274 
1.0 20.411040550212274 
1.0 20.411040550212274 
1.0 20.344075922077735 
1.0 20.376965737492327 
1.0 20.376965737492327 
1.0 20.376965737492327 
1.0 20.376965737492327 
1.0 20.376965737492327 
1.0 20.376965737492327 
1.0 20.376965737492327 
1.0 20.376965737492327 
1.0 20.376965737492327 
1.0 20.376965737492327 
1.0 20.376965737492327 
1.0 20.376965737492327 
1.0 20.376965737492327 
1.0 20.357464422542744 
1.0 20.357464422542744 
1.0 20.29769985144072 
1.0 20.29769985144072 
1.0 20.29769985144072 
1.0 20.29769985144072 
1.0 20.280671967286857 
1.0 20.280671967286857 
1.0 20.280671967286857 
1.0 20.280671967286857 
1.0 20.280671967286857 
1.0 20.280671967286857 
1.0 20.280671967286857 
1.0 20.280671967286857 
1.0 20.280671967286857 
1.0 20.280671967286857 
1.0 20.280671967286857 
1.0 20.280671967286857 
1.0 20.280671967286857 
1.0 20.280671967286857 
1.0 20.280671967286857 
1.0 20.280671967286857 
1.0 20.280671967286857 
1.0 20.280671967286857 
1.0 20.280671967286857 
1.0 20.280671967286857 
