1.0 0.3246077588324011 
1.0 0.2717914468437962 
1.0 0.5471179485321045 
1.0 0.267555868837255 
1.0 0.25615154920950445 
1.0 0.5643641948699951 
1.0 0.29944583509095324 
1.0 0.28441606329742974 
1.0 0.5857353210449219 
1.0 0.29944583509095324 
1.0 0.28441606329742974 
1.0 0.5857353210449219 
1.0 0.28277709780360116 
1.0 0.27368958602995563 
1.0 0.5769200801849366 
1.0 0.28277709780360116 
1.0 0.27368958602995563 
1.0 0.5769200801849366 
1.0 0.2791559343507304 
1.0 0.275626639642659 
1.0 0.5719019889831543 
1.0 0.2763607770028199 
1.0 0.2617585673134708 
1.0 0.5559784889221191 
1.0 0.3018236329569619 
1.0 0.2844253178884292 
1.0 0.6241879463195801 
1.0 0.3018236329569619 
1.0 0.2844253178884292 
1.0 0.6241879463195801 
1.0 0.29046843037802794 
1.0 0.27999900501860664 
1.0 0.6242393732070923 
1.0 0.29046843037802794 
1.0 0.27999900501860664 
1.0 0.6242393732070923 
1.0 0.27614566419251574 
1.0 0.26411708854359284 
1.0 0.6120959997177124 
1.0 0.27614566419251574 
1.0 0.26411708854359284 
1.0 0.6120959997177124 
1.0 0.2921975039871487 
1.0 0.28310159536508417 
1.0 0.6164098501205444 
1.0 0.2921975039871487 
1.0 0.28310159536508417 
1.0 0.6164098501205444 
1.0 0.2921975039871487 
1.0 0.28310159536508417 
1.0 0.6164098501205444 
1.0 0.2921975039871487 
1.0 0.28310159536508417 
1.0 0.6164098501205444 
1.0 0.2789786073583118 
1.0 0.26776709923377406 
1.0 0.597376012802124 
1.0 0.2789786073583118 
1.0 0.26776709923377406 
1.0 0.597376012802124 
1.0 0.27830153245192313 
1.0 0.26692005586341994 
1.0 0.5973214149475098 
1.0 0.27830153245192313 
1.0 0.26692005586341994 
1.0 0.5973214149475098 
1.0 0.2770546907503929 
1.0 0.2664434669991217 
1.0 0.6136098384857178 
1.0 0.2770546907503929 
1.0 0.2664434669991217 
1.0 0.6136098384857178 
1.0 0.2734310895028199 
1.0 0.2603243765746348 
1.0 0.6300501823425293 
1.0 0.2734310895028199 
1.0 0.2603243765746348 
1.0 0.6300501823425293 
1.0 0.2734310895028199 
1.0 0.2603243765746348 
1.0 0.6300501823425293 
1.0 0.2734310895028199 
1.0 0.2603243765746348 
1.0 0.6300501823425293 
1.0 0.2748902450651812 
1.0 0.262054172493297 
1.0 0.623815655708313 
1.0 0.2748902450651812 
1.0 0.262054172493297 
1.0 0.623815655708313 
1.0 0.275116102229914 
1.0 0.26251013039131843 
1.0 0.6082846403121949 
1.0 0.275116102229914 
1.0 0.26251013039131843 
1.0 0.6082846403121949 
1.0 0.275116102229914 
1.0 0.26251013039131843 
1.0 0.6082846403121949 
1.0 0.275116102229914 
1.0 0.26251013039131843 
1.0 0.6082846403121949 
1.0 0.2735439955130131 
1.0 0.2613273936615893 
1.0 0.6123021125793457 
1.0 0.2735439955130131 
1.0 0.2613273936615893 
1.0 0.6123021125793457 
1.0 0.2735439955130131 
1.0 0.2613273936615893 
1.0 0.6123021125793457 
1.0 0.2735439955130131 
1.0 0.2613273936615893 
1.0 0.6123021125793457 
1.0 0.2735439955130131 
1.0 0.2613273936615893 
1.0 0.6123021125793457 
1.0 0.2735439955130131 
1.0 0.2613273936615893 
1.0 0.6123021125793457 
1.0 0.2735439955130131 
1.0 0.2613273936615893 
1.0 0.6123021125793457 
1.0 0.2735439955130131 
1.0 0.2613273936615893 
1.0 0.6123021125793457 
1.0 0.2827594915085291 
1.0 0.2759713167269554 
1.0 0.627357029914856 
1.0 0.2827594915085291 
1.0 0.2759713167269554 
1.0 0.627357029914856 
1.0 0.2772707967363166 
1.0 0.2702090472159301 
1.0 0.6067301750183105 
1.0 0.2772707967363166 
1.0 0.2702090472159301 
1.0 0.6067301750183105 
1.0 0.2772707967363166 
1.0 0.2702090472159301 
1.0 0.6067301750183105 
1.0 0.2772707967363166 
1.0 0.2702090472159301 
1.0 0.6067301750183105 
1.0 0.27925100834411987 
1.0 0.27677140997711724 
1.0 0.5971405506134033 
1.0 0.27925100834411987 
1.0 0.27677140997711724 
1.0 0.5971405506134033 
1.0 0.28243183384280235 
1.0 0.2801692443486501 
1.0 0.600402545928955 
1.0 0.28243183384280235 
1.0 0.2801692443486501 
1.0 0.600402545928955 
1.0 0.28339372443024224 
1.0 0.2802448159844212 
1.0 0.6002537727355957 
1.0 0.28339372443024224 
1.0 0.2802448159844212 
1.0 0.6002537727355957 
1.0 0.28339372443024224 
1.0 0.2802448159844212 
1.0 0.6002537727355957 
1.0 0.28339372443024224 
1.0 0.2802448159844212 
1.0 0.6002537727355957 
1.0 0.28339372443024224 
1.0 0.2802448159844212 
1.0 0.6002537727355957 
1.0 0.28339372443024224 
1.0 0.2802448159844212 
1.0 0.6002537727355957 
1.0 0.28557469294621396 
1.0 0.28198305389584877 
1.0 0.6030855178833008 
1.0 0.28557469294621396 
1.0 0.28198305389584877 
1.0 0.6030855178833008 
1.0 0.28557469294621396 
1.0 0.28198305389584877 
1.0 0.6030855178833008 
1.0 0.28557469294621396 
1.0 0.28198305389584877 
1.0 0.6030855178833008 
1.0 0.28557469294621396 
1.0 0.28198305389584877 
1.0 0.6030855178833008 
1.0 0.28557469294621396 
1.0 0.28198305389584877 
1.0 0.6030855178833008 
1.0 0.28967393502681216 
1.0 0.2855922089525934 
1.0 0.6079618215560914 
1.0 0.28967393502681216 
1.0 0.2855922089525934 
1.0 0.6079618215560914 
1.0 0.28967393502681216 
1.0 0.2855922089525934 
1.0 0.6079618215560914 
1.0 0.28967393502681216 
1.0 0.2855922089525934 
1.0 0.6079618215560914 
1.0 0.29619368152505543 
1.0 0.29128892887273483 
1.0 0.6103789806365967 
1.0 0.28722250673192495 
1.0 0.2825045613847541 
1.0 0.5976722717285157 
1.0 0.28722250673192495 
1.0 0.2825045613847541 
1.0 0.5976722717285157 
1.0 0.28722250673192495 
1.0 0.2825045613847541 
1.0 0.5976722717285157 
1.0 0.28722250673192495 
1.0 0.2825045613847541 
1.0 0.5976722717285157 
1.0 0.28722250673192495 
1.0 0.2825045613847541 
1.0 0.5976722717285157 
1.0 0.28722250673192495 
1.0 0.2825045613847541 
1.0 0.5976722717285157 
1.0 0.28722250673192495 
1.0 0.2825045613847541 
1.0 0.5976722717285157 
1.0 0.28722250673192495 
1.0 0.2825045613847541 
1.0 0.5976722717285157 
1.0 0.28722250673192495 
1.0 0.2825045613847541 
1.0 0.5976722717285157 
1.0 0.28722250673192495 
1.0 0.2825045613847541 
1.0 0.5976722717285157 
1.0 0.28722250673192495 
1.0 0.2825045613847541 
1.0 0.5976722717285157 
1.0 0.28722250673192495 
1.0 0.2825045613847541 
1.0 0.5976722717285157 
1.0 0.28722250673192495 
1.0 0.2825045613847541 
1.0 0.5976722717285157 
1.0 0.28669729740661987 
1.0 0.28181624553612705 
1.0 0.6017168045043946 
1.0 0.28669729740661987 
1.0 0.28181624553612705 
1.0 0.6017168045043946 
1.0 0.28808399629310744 
1.0 0.27889296853330714 
1.0 0.5995648384094239 
1.0 0.28808399629310744 
1.0 0.27889296853330714 
1.0 0.5995648384094239 
1.0 0.28808399629310744 
1.0 0.27889296853330714 
1.0 0.5995648384094239 
1.0 0.28808399629310744 
1.0 0.27889296853330714 
1.0 0.5995648384094239 
1.0 0.28723605003582653 
1.0 0.2776459011100453 
1.0 0.6028638362884522 
1.0 0.28723605003582653 
1.0 0.2776459011100453 
1.0 0.6028638362884522 
1.0 0.28723605003582653 
1.0 0.2776459011100453 
1.0 0.6028638362884522 
1.0 0.28723605003582653 
1.0 0.2776459011100453 
1.0 0.6028638362884522 
1.0 0.28723605003582653 
1.0 0.2776459011100453 
1.0 0.6028638362884522 
1.0 0.28723605003582653 
1.0 0.2776459011100453 
1.0 0.6028638362884522 
1.0 0.28723605003582653 
1.0 0.2776459011100453 
1.0 0.6028638362884522 
1.0 0.28723605003582653 
1.0 0.2776459011100453 
1.0 0.6028638362884522 
1.0 0.28723605003582653 
1.0 0.2776459011100453 
1.0 0.6028638362884522 
1.0 0.28723605003582653 
1.0 0.2776459011100453 
1.0 0.6028638362884522 
1.0 0.28723605003582653 
1.0 0.2776459011100453 
1.0 0.6028638362884522 
1.0 0.28723605003582653 
1.0 0.2776459011100453 
1.0 0.6028638362884522 
1.0 0.28723605003582653 
1.0 0.2776459011100453 
1.0 0.6028638362884522 
1.0 0.28723605003582653 
1.0 0.2776459011100453 
1.0 0.6028638362884522 
1.0 0.28723605003582653 
1.0 0.2776459011100453 
1.0 0.6028638362884522 
1.0 0.28723605003582653 
1.0 0.2776459011100453 
1.0 0.6028638362884522 
1.0 0.28723605003582653 
1.0 0.2776459011100453 
1.0 0.6028638362884522 
1.0 0.28723605003582653 
1.0 0.2776459011100453 
1.0 0.6028638362884522 
1.0 0.28723605003582653 
1.0 0.2776459011100453 
1.0 0.6028638362884522 
1.0 0.28723605003582653 
1.0 0.2776459011100453 
1.0 0.6028638362884522 
