0.2 0.5438238382339478 
0.2 0.5129833817481995 
0.2 0.5217976868152618 
0.2 0.5217976868152618 
0.2 0.5139391720294952 
0.2 0.5139391720294952 
0.2 0.5188480019569397 
0.2 0.508251428604126 
0.2 0.519358217716217 
0.2 0.519358217716217 
0.2 0.51597860455513 
0.2 0.51597860455513 
0.2 0.5079797506332397 
0.2 0.5079797506332397 
0.2 0.521939218044281 
0.2 0.521939218044281 
0.2 0.521939218044281 
0.2 0.521939218044281 
0.2 0.5142433643341064 
0.2 0.5142433643341064 
0.2 0.5132099390029907 
0.2 0.5132099390029907 
0.2 0.5127092003822327 
0.2 0.5127092003822327 
0.2 0.5098052024841309 
0.2 0.5098052024841309 
0.2 0.5098052024841309 
0.2 0.5098052024841309 
0.2 0.5125045776367188 
0.2 0.5125045776367188 
0.2 0.5104421973228455 
0.2 0.5104421973228455 
0.2 0.5104421973228455 
0.2 0.5104421973228455 
0.2 0.5092764496803284 
0.2 0.5092764496803284 
0.2 0.5092764496803284 
0.2 0.5092764496803284 
0.2 0.5092764496803284 
0.2 0.5092764496803284 
0.2 0.5092764496803284 
0.2 0.5092764496803284 
0.2 0.5116648972034454 
0.2 0.5116648972034454 
0.2 0.5095717012882233 
0.2 0.5095717012882233 
0.2 0.5095717012882233 
0.2 0.5095717012882233 
0.2 0.5076093971729279 
0.2 0.5076093971729279 
0.2 0.510032594203949 
0.2 0.510032594203949 
0.2 0.5122653245925903 
0.2 0.5122653245925903 
0.2 0.5122653245925903 
0.2 0.5122653245925903 
0.2 0.5122653245925903 
0.2 0.5122653245925903 
0.2 0.515222430229187 
0.2 0.515222430229187 
0.2 0.515222430229187 
0.2 0.515222430229187 
0.2 0.515222430229187 
0.2 0.515222430229187 
0.2 0.5161352157592773 
0.2 0.5161352157592773 
0.2 0.5161352157592773 
0.2 0.5161352157592773 
0.2 0.5177978873252869 
0.2 0.5126972198486328 
0.2 0.5126972198486328 
0.2 0.5126972198486328 
0.2 0.5126972198486328 
0.2 0.5126972198486328 
0.2 0.5126972198486328 
0.2 0.5126972198486328 
0.2 0.5126972198486328 
0.2 0.5126972198486328 
0.2 0.5126972198486328 
0.2 0.5126972198486328 
0.2 0.5126972198486328 
0.2 0.5126972198486328 
0.2 0.5125975608825684 
0.2 0.5125975608825684 
0.2 0.5125212073326111 
0.2 0.5125212073326111 
0.2 0.5125212073326111 
0.2 0.5125212073326111 
0.2 0.5116914510726929 
0.2 0.5116914510726929 
0.2 0.5116914510726929 
0.2 0.5116914510726929 
0.2 0.5116914510726929 
0.2 0.5116914510726929 
0.2 0.5116914510726929 
0.2 0.5116914510726929 
0.2 0.5116914510726929 
0.2 0.5116914510726929 
0.2 0.5116914510726929 
0.2 0.5116914510726929 
0.2 0.5116914510726929 
0.2 0.5116914510726929 
0.2 0.5116914510726929 
0.2 0.5116914510726929 
0.2 0.5116914510726929 
0.2 0.5116914510726929 
0.2 0.5116914510726929 
0.2 0.5116914510726929 
