2.0 0.7116477305883314 
2.0 0.93921875 
2.0 0.9269431785300927 
2.0 0.6004747149376188 
2.0 0.9258208264802632 
2.0 0.9241637731481481 
2.0 0.6052594665803018 
2.0 0.9039035944353071 
2.0 0.9001280381944444 
2.0 0.6052594665803018 
2.0 0.9039035944353071 
2.0 0.9001280381944444 
2.0 0.60052453520535 
2.0 0.8926907723410088 
2.0 0.8877021846064815 
2.0 0.60052453520535 
2.0 0.8926907723410088 
2.0 0.8877021846064815 
2.0 0.6237295467012126 
2.0 0.8933733381304825 
2.0 0.8897677951388889 
2.0 0.59230488399099 
2.0 0.9017148094846491 
2.0 0.8945078305844908 
2.0 0.6080109604589008 
2.0 0.897481325383772 
2.0 0.8897464554398148 
2.0 0.6080109604589008 
2.0 0.897481325383772 
2.0 0.8897464554398148 
2.0 0.6084934073853623 
2.0 0.886585115131579 
2.0 0.8773790147569444 
2.0 0.6084934073853623 
2.0 0.886585115131579 
2.0 0.8773790147569444 
2.0 0.5975546126419476 
2.0 0.8848066577576754 
2.0 0.8746185076678241 
2.0 0.5975546126419476 
2.0 0.8848066577576754 
2.0 0.8746185076678241 
2.0 0.6272606584736763 
2.0 0.8883816474780701 
2.0 0.8795329680266204 
2.0 0.6272606584736763 
2.0 0.8883816474780701 
2.0 0.8795329680266204 
2.0 0.6272606584736763 
2.0 0.8883816474780701 
2.0 0.8795329680266204 
2.0 0.6272606584736763 
2.0 0.8883816474780701 
2.0 0.8795329680266204 
2.0 0.619199476558944 
2.0 0.8800542249177632 
2.0 0.8693536603009259 
2.0 0.619199476558944 
2.0 0.8800542249177632 
2.0 0.8693536603009259 
2.0 0.6157143920030811 
2.0 0.8806307394462719 
2.0 0.8702696397569445 
2.0 0.6157143920030811 
2.0 0.8806307394462719 
2.0 0.8702696397569445 
2.0 0.6159502906060712 
2.0 0.8788237561677632 
2.0 0.8670461697048611 
2.0 0.6159502906060712 
2.0 0.8788237561677632 
2.0 0.8670461697048611 
2.0 0.6072684342284933 
2.0 0.8839192708333333 
2.0 0.8756520363136574 
2.0 0.6072684342284933 
2.0 0.8839192708333333 
2.0 0.8756520363136574 
2.0 0.6072684342284933 
2.0 0.8839192708333333 
2.0 0.8756520363136574 
2.0 0.6072684342284933 
2.0 0.8839192708333333 
2.0 0.8756520363136574 
2.0 0.6133050021591214 
2.0 0.8846735368695176 
2.0 0.874737232349537 
2.0 0.6133050021591214 
2.0 0.8846735368695176 
2.0 0.874737232349537 
2.0 0.607402248695774 
2.0 0.8827808902138158 
2.0 0.8752759693287037 
2.0 0.607402248695774 
2.0 0.8827808902138158 
2.0 0.8752759693287037 
2.0 0.607402248695774 
2.0 0.8827808902138158 
2.0 0.8752759693287037 
2.0 0.607402248695774 
2.0 0.8827808902138158 
2.0 0.8752759693287037 
2.0 0.6052860908815051 
2.0 0.882468475877193 
2.0 0.875044578269676 
2.0 0.6052860908815051 
2.0 0.882468475877193 
2.0 0.875044578269676 
2.0 0.6052860908815051 
2.0 0.882468475877193 
2.0 0.875044578269676 
2.0 0.6052860908815051 
2.0 0.882468475877193 
2.0 0.875044578269676 
2.0 0.6052860908815051 
2.0 0.882468475877193 
2.0 0.875044578269676 
2.0 0.6052860908815051 
2.0 0.882468475877193 
2.0 0.875044578269676 
2.0 0.6052860908815051 
2.0 0.882468475877193 
2.0 0.875044578269676 
2.0 0.6052860908815051 
2.0 0.882468475877193 
2.0 0.875044578269676 
2.0 0.6041260737252431 
2.0 0.8797998903508772 
2.0 0.8708034035011575 
2.0 0.6041260737252431 
2.0 0.8797998903508772 
2.0 0.8708034035011575 
2.0 0.6051570906714284 
2.0 0.8729926500822368 
2.0 0.8642012080439815 
2.0 0.6051570906714284 
2.0 0.8729926500822368 
2.0 0.8642012080439815 
2.0 0.6051570906714284 
2.0 0.8729926500822368 
2.0 0.8642012080439815 
2.0 0.6051570906714284 
2.0 0.8729926500822368 
2.0 0.8642012080439815 
2.0 0.5989598651424437 
2.0 0.8699207613760965 
2.0 0.8632736545138889 
2.0 0.5989598651424437 
2.0 0.8699207613760965 
2.0 0.8632736545138889 
2.0 0.6095697221152387 
2.0 0.8649753289473684 
2.0 0.8538393373842593 
2.0 0.6095697221152387 
2.0 0.8649753289473684 
2.0 0.8538393373842593 
2.0 0.6104147336694561 
2.0 0.8755670058936403 
2.0 0.8655852141203704 
2.0 0.6104147336694561 
2.0 0.8755670058936403 
2.0 0.8655852141203704 
2.0 0.6104147336694561 
2.0 0.8755670058936403 
2.0 0.8655852141203704 
2.0 0.6104147336694561 
2.0 0.8755670058936403 
2.0 0.8655852141203704 
2.0 0.6104147336694561 
2.0 0.8755670058936403 
2.0 0.8655852141203704 
2.0 0.6104147336694561 
2.0 0.8755670058936403 
2.0 0.8655852141203704 
2.0 0.6196439929741022 
2.0 0.8721592310855263 
2.0 0.8602669270833334 
2.0 0.6196439929741022 
2.0 0.8721592310855263 
2.0 0.8602669270833334 
2.0 0.6196439929741022 
2.0 0.8721592310855263 
2.0 0.8602669270833334 
2.0 0.6196439929741022 
2.0 0.8721592310855263 
2.0 0.8602669270833334 
2.0 0.6196439929741022 
2.0 0.8721592310855263 
2.0 0.8602669270833334 
2.0 0.6196439929741022 
2.0 0.8721592310855263 
2.0 0.8602669270833334 
2.0 0.6160664163252921 
2.0 0.8747616844846492 
2.0 0.862417896412037 
2.0 0.6160664163252921 
2.0 0.8747616844846492 
2.0 0.862417896412037 
2.0 0.6160664163252921 
2.0 0.8747616844846492 
2.0 0.862417896412037 
2.0 0.6160664163252921 
2.0 0.8747616844846492 
2.0 0.862417896412037 
2.0 0.614366181156122 
2.0 0.874438048245614 
2.0 0.8622365089699074 
2.0 0.6090667416523698 
2.0 0.8714045367324561 
2.0 0.8596793619791666 
2.0 0.6090667416523698 
2.0 0.8714045367324561 
2.0 0.8596793619791666 
2.0 0.6090667416523698 
2.0 0.8714045367324561 
2.0 0.8596793619791666 
2.0 0.6090667416523698 
2.0 0.8714045367324561 
2.0 0.8596793619791666 
2.0 0.6090667416523698 
2.0 0.8714045367324561 
2.0 0.8596793619791666 
2.0 0.6090667416523698 
2.0 0.8714045367324561 
2.0 0.8596793619791666 
2.0 0.6090667416523698 
2.0 0.8714045367324561 
2.0 0.8596793619791666 
2.0 0.6090667416523698 
2.0 0.8714045367324561 
2.0 0.8596793619791666 
2.0 0.6090667416523698 
2.0 0.8714045367324561 
2.0 0.8596793619791666 
2.0 0.6090667416523698 
2.0 0.8714045367324561 
2.0 0.8596793619791666 
2.0 0.6090667416523698 
2.0 0.8714045367324561 
2.0 0.8596793619791666 
2.0 0.6090667416523698 
2.0 0.8714045367324561 
2.0 0.8596793619791666 
2.0 0.6090667416523698 
2.0 0.8714045367324561 
2.0 0.8596793619791666 
2.0 0.6090192920415951 
2.0 0.8730531284265352 
2.0 0.8609240270543982 
2.0 0.6090192920415951 
2.0 0.8730531284265352 
2.0 0.8609240270543982 
2.0 0.6073296336496153 
2.0 0.8682939281798245 
2.0 0.8553501157407407 
2.0 0.6073296336496153 
2.0 0.8682939281798245 
2.0 0.8553501157407407 
2.0 0.6073296336496153 
2.0 0.8682939281798245 
2.0 0.8553501157407407 
2.0 0.6073296336496153 
2.0 0.8682939281798245 
2.0 0.8553501157407407 
2.0 0.6042106514711203 
2.0 0.8727115028782895 
2.0 0.8597388599537037 
2.0 0.6042106514711203 
2.0 0.8727115028782895 
2.0 0.8597388599537037 
2.0 0.6042106514711203 
2.0 0.8727115028782895 
2.0 0.8597388599537037 
2.0 0.6042106514711203 
2.0 0.8727115028782895 
2.0 0.8597388599537037 
2.0 0.6042106514711203 
2.0 0.8727115028782895 
2.0 0.8597388599537037 
2.0 0.6042106514711203 
2.0 0.8727115028782895 
2.0 0.8597388599537037 
2.0 0.6042106514711203 
2.0 0.8727115028782895 
2.0 0.8597388599537037 
2.0 0.6042106514711203 
2.0 0.8727115028782895 
2.0 0.8597388599537037 
2.0 0.6042106514711203 
2.0 0.8727115028782895 
2.0 0.8597388599537037 
2.0 0.6042106514711203 
2.0 0.8727115028782895 
2.0 0.8597388599537037 
2.0 0.6042106514711203 
2.0 0.8727115028782895 
2.0 0.8597388599537037 
2.0 0.6042106514711203 
2.0 0.8727115028782895 
2.0 0.8597388599537037 
2.0 0.6042106514711203 
2.0 0.8727115028782895 
2.0 0.8597388599537037 
2.0 0.6042106514711203 
2.0 0.8727115028782895 
2.0 0.8597388599537037 
2.0 0.6042106514711203 
2.0 0.8727115028782895 
2.0 0.8597388599537037 
2.0 0.6042106514711203 
2.0 0.8727115028782895 
2.0 0.8597388599537037 
2.0 0.6042106514711203 
2.0 0.8727115028782895 
2.0 0.8597388599537037 
2.0 0.6042106514711203 
2.0 0.8727115028782895 
2.0 0.8597388599537037 
2.0 0.6042106514711203 
2.0 0.8727115028782895 
2.0 0.8597388599537037 
2.0 0.6042106514711203 
2.0 0.8727115028782895 
2.0 0.8597388599537037 
