# PLDDT for structure 
0 0.6671527624130249 
1 0.6751153469085693 
2 0.753279447555542 
3 0.8159782290458679 
4 0.8281202912330627 
5 0.8301727771759033 
6 0.8454448580741882 
7 0.8483341336250305 
8 0.8647658228874207 
9 0.8639970421791077 
10 0.8561846017837524 
11 0.8629795908927917 
12 0.8615193367004395 
13 0.8660945296287537 
14 0.8568929433822632 
15 0.8650079965591431 
16 0.8520697355270386 
17 0.8565252423286438 
18 0.8428853154182434 
19 0.8152796626091003 
20 0.8212823271751404 
21 0.8013536930084229 
22 0.777186930179596 
23 0.7339468598365784 
24 0.7577829957008362 
25 0.7213024497032166 
26 0.6512976884841919 
27 0.5785022974014282 
28 0.5392012000083923 
29 0.47556155920028687 
30 0.4132120609283447 
31 0.3810644745826721 
32 0.4252650737762451 
33 0.41875171661376953 
34 0.40347859263420105 
35 0.4131128787994385 
36 0.4662308990955353 
37 0.5034654140472412 
38 0.5907912850379944 
39 0.5920313596725464 
40 0.6566464900970459 
41 0.7483367919921875 
42 0.7761670351028442 
43 0.7563477158546448 
44 0.7515591979026794 
45 0.8094736337661743 
46 0.8393542766571045 
47 0.801789402961731 
48 0.8203380107879639 
49 0.8522576689720154 
50 0.861019492149353 
51 0.8264621496200562 
52 0.847876787185669 
53 0.8727829456329346 
54 0.8609915971755981 
55 0.8444109559059143 
56 0.854365348815918 
57 0.8449372053146362 
58 0.831104040145874 
59 0.8370575308799744 
60 0.829405665397644 
61 0.8197537660598755 
62 0.819176435470581 
63 0.7852708697319031 
64 0.8003649711608887 
65 0.773939847946167 
66 0.7688468098640442 
67 0.7926924228668213 
68 0.8060563206672668 
69 0.7793503999710083 
70 0.7834160327911377 
71 0.8120595812797546 
72 0.8137199878692627 
73 0.7958418130874634 
74 0.8143662810325623 
75 0.8289172649383545 
76 0.8161741495132446 
77 0.7952850461006165 
78 0.8196535706520081 
79 0.8139881491661072 
80 0.7890241742134094 
81 0.7846912145614624 
82 0.8132534027099609 
83 0.8019245862960815 
84 0.7668798565864563 
85 0.7701930403709412 
86 0.8008283972740173 
87 0.7708899974822998 
88 0.7424176335334778 
89 0.7695286273956299 
90 0.7709351778030396 
91 0.724014401435852 
92 0.7148144841194153 
93 0.7448775172233582 
94 0.7237952351570129 
95 0.6866347193717957 
96 0.6993470788002014 
97 0.6741059422492981 
98 0.6244500279426575 
99 0.6221911907196045 
100 0.5898618102073669 
101 0.5251748561859131 
102 0.4900463819503784 
103 0.4581036865711212 
104 0.37845295667648315 
105 0.3840164542198181 
106 0.38816899061203003 
107 0.3963802456855774 
108 0.42115944623947144 
109 0.34041741490364075 
110 0.37099090218544006 
111 0.4111475348472595 
112 0.3529289662837982 
113 0.3465292751789093 
114 0.3918631374835968 
115 0.3643314838409424 
116 0.39752689003944397 
117 0.4222475290298462 
118 0.5505400896072388 
119 0.539124608039856 
120 0.610150158405304 
121 0.6409463882446289 
122 0.688411295413971 
123 0.685323178768158 
124 0.6731465458869934 
125 0.5987130403518677 
126 0.661353588104248 
127 0.692798376083374 
128 0.7244893312454224 
129 0.716582715511322 
130 0.7312716841697693 
131 0.7369343042373657 
132 0.7382728457450867 
133 0.672903835773468 
134 0.6867492198944092 
135 0.716300368309021 
136 0.7133213877677917 
137 0.7051734924316406 
138 0.7163863778114319 
139 0.7482781410217285 
140 0.7570197582244873 
141 0.7335473895072937 
142 0.7546494603157043 
143 0.7800830602645874 
144 0.7714497447013855 
145 0.76237553358078 
146 0.7920680642127991 
147 0.8094947934150696 
148 0.7988724112510681 
149 0.7914798855781555 
150 0.8110616207122803 
151 0.8213034868240356 
152 0.8018677234649658 
153 0.8154552578926086 
154 0.8215097188949585 
155 0.8096401691436768 
156 0.809975802898407 
157 0.8095206618309021 
158 0.817783534526825 
159 0.8053858280181885 
160 0.8290944695472717 
161 0.8131504654884338 
162 0.7881684899330139 
163 0.8008137941360474 
164 0.7844112515449524 
165 0.7814311385154724 
166 0.7741822600364685 
167 0.7583092451095581 
168 0.7275067567825317 
169 0.6243261098861694 
170 0.6605148315429688 
171 0.754813015460968 
172 0.8193305730819702 
173 0.8309163451194763 
174 0.8315333724021912 
175 0.8514492511749268 
176 0.8590874075889587 
177 0.8746450543403625 
178 0.8732983469963074 
179 0.8697217106819153 
180 0.8780373334884644 
181 0.8703317642211914 
182 0.8758329153060913 
183 0.8753833174705505 
184 0.8790684342384338 
185 0.8546164631843567 
186 0.8674589395523071 
187 0.8574380278587341 
188 0.8221120834350586 
189 0.8233286142349243 
190 0.8113119006156921 
191 0.7870699763298035 
192 0.7360120415687561 
193 0.7607500553131104 
194 0.7354554533958435 
195 0.6649466753005981 
196 0.577096700668335 
197 0.5469427108764648 
198 0.49130192399024963 
199 0.4279025197029114 
200 0.3981831669807434 
201 0.4368148744106293 
202 0.43000978231430054 
203 0.40595895051956177 
204 0.41674864292144775 
205 0.4625825881958008 
206 0.5073343515396118 
207 0.5979110598564148 
208 0.5971172451972961 
209 0.6748233437538147 
210 0.759922444820404 
211 0.7896007895469666 
212 0.7715262174606323 
213 0.7698397040367126 
214 0.8233433365821838 
215 0.8529593348503113 
216 0.8141781687736511 
217 0.835254430770874 
218 0.8705880641937256 
219 0.8686402440071106 
220 0.8393921852111816 
221 0.8625578880310059 
222 0.8835015296936035 
223 0.8669478297233582 
224 0.8528900146484375 
225 0.8613013029098511 
226 0.8502117991447449 
227 0.8350387811660767 
228 0.8398504257202148 
229 0.8273282051086426 
230 0.8178300261497498 
231 0.8193104863166809 
232 0.7812644243240356 
233 0.8038465976715088 
234 0.7719991207122803 
235 0.7785025835037231 
236 0.7995602488517761 
237 0.8082430362701416 
238 0.7831413745880127 
239 0.793800413608551 
240 0.8206079602241516 
241 0.8205205798149109 
242 0.8039723038673401 
243 0.829190194606781 
244 0.8441771268844604 
245 0.827025294303894 
246 0.8097543120384216 
247 0.8394631147384644 
248 0.8294588923454285 
249 0.8071111440658569 
250 0.8051877021789551 
251 0.8312258720397949 
252 0.8134233951568604 
253 0.7803471684455872 
254 0.7838788032531738 
255 0.8135072588920593 
256 0.7778507471084595 
257 0.7543084621429443 
258 0.7785447835922241 
259 0.7766010165214539 
260 0.730835497379303 
261 0.7270174026489258 
262 0.7549815773963928 
263 0.722877025604248 
264 0.6970498561859131 
265 0.7135411500930786 
266 0.6811088919639587 
267 0.6439046859741211 
268 0.6350915431976318 
269 0.5976762771606445 
270 0.5429103374481201 
271 0.5048242807388306 
272 0.4777190685272217 
273 0.38301897048950195 
274 0.39215925335884094 
275 0.38951754570007324 
276 0.3964442014694214 
277 0.42973101139068604 
278 0.34911292791366577 
279 0.3740503787994385 
280 0.41619595885276794 
281 0.3670850694179535 
282 0.3501489758491516 
283 0.3931121230125427 
284 0.3751707971096039 
285 0.4176711440086365 
286 0.4416238069534302 
287 0.5844683051109314 
288 0.5787357091903687 
289 0.6357645392417908 
290 0.6611440181732178 
291 0.7047397494316101 
292 0.696440577507019 
293 0.6798487901687622 
294 0.6066728830337524 
295 0.6746422052383423 
296 0.6952433586120605 
297 0.7305675745010376 
298 0.718355119228363 
299 0.733306884765625 
300 0.7405077815055847 
301 0.7376301884651184 
302 0.6670014262199402 
303 0.6935910582542419 
304 0.7225622534751892 
305 0.7123034596443176 
306 0.7049762606620789 
307 0.7220761179924011 
308 0.7520213723182678 
309 0.7598535418510437 
310 0.7425829768180847 
311 0.763617217540741 
312 0.788794755935669 
313 0.7791423797607422 
314 0.7730333805084229 
315 0.8015778064727783 
316 0.8188875913619995 
317 0.814029335975647 
318 0.8047775030136108 
319 0.8170768022537231 
320 0.8372235894203186 
321 0.8218870759010315 
322 0.8294352889060974 
323 0.839622437953949 
324 0.8384141325950623 
325 0.8359940648078918 
326 0.8304535150527954 
327 0.8395536541938782 
328 0.8271176815032959 
329 0.8465470671653748 
330 0.8278988003730774 
331 0.8133227825164795 
332 0.8253618478775024 
333 0.7937089204788208 
334 0.7922113537788391 
335 0.791889488697052 
336 0.7647061347961426 
337 0.7038998603820801 
338 0.48018747568130493 
339 0.5219811797142029 
340 0.5281866192817688 
341 0.4901493489742279 
342 0.4894352853298187 
343 0.48799294233322144 
344 0.465785950422287 
345 0.41530340909957886 
346 0.44072020053863525 
347 0.3801552355289459 
348 0.39067232608795166 
349 0.37615859508514404 
350 0.3980479836463928 
351 0.40083760023117065 
352 0.39689767360687256 
353 0.4296693801879883 
354 0.4416047930717468 
355 0.4197181463241577 
356 0.4128972887992859 
357 0.3869892656803131 
358 0.3957878649234772 
359 0.37252289056777954 
360 0.3686657249927521 
361 0.37484776973724365 
362 0.38183602690696716 
363 0.3744135797023773 
364 0.3721005618572235 
365 0.35649821162223816 
366 0.3852269649505615 
367 0.35288700461387634 
368 0.36928853392601013 
369 0.37582600116729736 
370 0.3540072739124298 
371 0.3628785014152527 
372 0.3454055190086365 
373 0.36255329847335815 
374 0.3576962947845459 
375 0.35113203525543213 
376 0.33830493688583374 
377 0.36174434423446655 
378 0.34283536672592163 
379 0.33667364716529846 
380 0.38043445348739624 
381 0.4035467505455017 
382 0.372921347618103 
383 0.41539615392684937 
384 0.41254568099975586 
385 0.40990522503852844 
386 0.4321739673614502 
387 0.44089868664741516 
388 0.4493864178657532 
389 0.42228418588638306 
390 0.4422665238380432 
391 0.45539021492004395 
392 0.46456438302993774 
393 0.45714932680130005 
394 0.45453450083732605 
395 0.45137786865234375 
396 0.4300574064254761 
397 0.4420328438282013 
398 0.45543432235717773 
399 0.42906779050827026 
400 0.4190254807472229 
401 0.39864128828048706 
402 0.3574658930301666 
403 0.3524594306945801 
404 0.36189767718315125 
405 0.35749828815460205 
406 0.3725196421146393 
407 0.3850465416908264 
408 0.37077581882476807 
409 0.35027119517326355 
410 0.340158075094223 
411 0.3604588508605957 
412 0.38708820939064026 
413 0.3035632073879242 
414 0.323898583650589 
415 0.3435230553150177 
416 0.3051583766937256 
417 0.3135531544685364 
