0.2 0.37414348125457764 
0.2 0.3691243529319763 
0.2 0.27950263023376465 
0.2 0.27950263023376465 
0.2 0.27399885654449463 
0.2 0.27719855308532715 
0.2 0.22209244966506958 
0.2 0.22209244966506958 
0.2 0.22209244966506958 
0.2 0.22209244966506958 
0.2 0.2229819893836975 
0.2 0.2229819893836975 
0.2 0.22085797786712646 
0.2 0.22085797786712646 
0.2 0.21942037343978882 
0.2 0.21942037343978882 
0.2 0.21680617332458496 
0.2 0.21680617332458496 
0.2 0.20909637212753296 
0.2 0.20909637212753296 
0.2 0.20909637212753296 
0.2 0.20909637212753296 
0.2 0.21718370914459229 
0.2 0.21718370914459229 
0.2 0.21718370914459229 
0.2 0.20765376091003418 
0.2 0.20765376091003418 
0.2 0.20765376091003418 
0.2 0.2096107006072998 
0.2 0.2096107006072998 
0.2 0.2096107006072998 
0.2 0.2096107006072998 
0.2 0.2096107006072998 
0.2 0.2096107006072998 
0.2 0.21292734146118164 
0.2 0.21292734146118164 
0.2 0.21292734146118164 
0.2 0.21292734146118164 
0.2 0.21292734146118164 
0.2 0.21292734146118164 
0.2 0.2219029664993286 
0.2 0.2219029664993286 
0.2 0.21184176206588745 
0.2 0.21184176206588745 
0.2 0.21184176206588745 
0.2 0.21184176206588745 
0.2 0.21184176206588745 
0.2 0.21184176206588745 
0.2 0.20548641681671143 
0.2 0.20548641681671143 
0.2 0.20548641681671143 
0.2 0.20548641681671143 
0.2 0.20278578996658325 
0.2 0.20278578996658325 
0.2 0.20278578996658325 
0.2 0.20278578996658325 
0.2 0.2123016119003296 
0.2 0.2123016119003296 
0.2 0.2123016119003296 
0.2 0.2123016119003296 
0.2 0.21477431058883667 
0.2 0.21477431058883667 
0.2 0.21306484937667847 
0.2 0.21306484937667847 
0.2 0.21306484937667847 
0.2 0.21306484937667847 
0.2 0.21306484937667847 
0.2 0.21306484937667847 
0.2 0.20338588953018188 
0.2 0.20338588953018188 
0.2 0.20338588953018188 
0.2 0.20338588953018188 
0.2 0.20338588953018188 
0.2 0.20338588953018188 
0.2 0.20338588953018188 
0.2 0.20338588953018188 
0.2 0.20338588953018188 
0.2 0.20338588953018188 
0.2 0.19827544689178467 
0.2 0.19827544689178467 
0.2 0.198128342628479 
0.2 0.198128342628479 
0.2 0.19646263122558594 
0.2 0.19646263122558594 
0.2 0.19646263122558594 
0.2 0.19646263122558594 
0.2 0.19646263122558594 
0.2 0.19646263122558594 
0.2 0.19646263122558594 
0.2 0.19646263122558594 
0.2 0.19249022006988525 
0.2 0.19249022006988525 
0.2 0.19979530572891235 
0.2 0.19979530572891235 
0.2 0.19051611423492432 
0.2 0.19051611423492432 
0.2 0.19051611423492432 
0.2 0.19051611423492432 
0.2 0.18144738674163818 
0.2 0.18144738674163818 
0.2 0.17635118961334229 
0.2 0.17626118659973145 
0.2 0.18268978595733643 
0.2 0.18268978595733643 
0.2 0.18268978595733643 
0.2 0.18268978595733643 
0.2 0.18268978595733643 
0.2 0.18268978595733643 
0.2 0.17195278406143188 
0.2 0.17195278406143188 
0.2 0.17195278406143188 
0.2 0.17195278406143188 
0.2 0.16932964324951172 
0.2 0.16932964324951172 
0.2 0.16932964324951172 
0.2 0.16932964324951172 
0.2 0.16932964324951172 
0.2 0.16932964324951172 
0.2 0.1665934920310974 
0.2 0.1665934920310974 
0.2 0.1665934920310974 
