2.0 0.45652123962746405 
2.0 0.8218543551260964 
2.0 0.8050721571180556 
2.0 0.4633021208991282 
2.0 0.79095703125 
2.0 0.7910479962384259 
2.0 0.4015896166684173 
2.0 0.5573175370065789 
2.0 0.57265869140625 
2.0 0.4015896166684173 
2.0 0.5573175370065789 
2.0 0.57265869140625 
2.0 0.38883431515002975 
2.0 0.5659877415707236 
2.0 0.5988738787615742 
2.0 0.38818986117432863 
2.0 0.5917617101836623 
2.0 0.6085322627314814 
2.0 0.3751347992017086 
2.0 0.413737578810307 
2.0 0.4253533257378472 
2.0 0.3751347992017086 
2.0 0.413737578810307 
2.0 0.4253533257378472 
2.0 0.3751347992017086 
2.0 0.413737578810307 
2.0 0.4253533257378472 
2.0 0.3751347992017086 
2.0 0.413737578810307 
2.0 0.4253533257378472 
2.0 0.37699612962898127 
2.0 0.3987634063185307 
2.0 0.40971426504629627 
2.0 0.37699612962898127 
2.0 0.3987634063185307 
2.0 0.40971426504629627 
2.0 0.37596131963166557 
2.0 0.39099172491776313 
2.0 0.4071371799045139 
2.0 0.37596131963166557 
2.0 0.39099172491776313 
2.0 0.4071371799045139 
2.0 0.37607872185847835 
2.0 0.3815491793448465 
2.0 0.40300749602141206 
2.0 0.37607872185847835 
2.0 0.3815491793448465 
2.0 0.40300749602141206 
2.0 0.3742865781426888 
2.0 0.37896210252192986 
2.0 0.40179280598958333 
2.0 0.3742865781426888 
2.0 0.37896210252192986 
2.0 0.40179280598958333 
2.0 0.3700746501639765 
2.0 0.3713796515213816 
2.0 0.39212226019965274 
2.0 0.3700746501639765 
2.0 0.3713796515213816 
2.0 0.39212226019965274 
2.0 0.3700746501639765 
2.0 0.3713796515213816 
2.0 0.39212226019965274 
2.0 0.3700746501639765 
2.0 0.3713796515213816 
2.0 0.39212226019965274 
2.0 0.38198501307143773 
2.0 0.38995005825109647 
2.0 0.3721822554976852 
2.0 0.38198501307143773 
2.0 0.38995005825109647 
2.0 0.3721822554976852 
2.0 0.38198501307143773 
2.0 0.38995005825109647 
2.0 0.3721822554976852 
2.0 0.3779345815389284 
2.0 0.37748873526589916 
2.0 0.35586400915075234 
2.0 0.3779345815389284 
2.0 0.37748873526589916 
2.0 0.35586400915075234 
2.0 0.3779345815389284 
2.0 0.37748873526589916 
2.0 0.35586400915075234 
2.0 0.3786886328093087 
2.0 0.36719439590186403 
2.0 0.3649328839337384 
2.0 0.3786886328093087 
2.0 0.36719439590186403 
2.0 0.3649328839337384 
2.0 0.3786886328093087 
2.0 0.36719439590186403 
2.0 0.3649328839337384 
2.0 0.3786886328093087 
2.0 0.36719439590186403 
2.0 0.3649328839337384 
2.0 0.3786886328093087 
2.0 0.36719439590186403 
2.0 0.3649328839337384 
2.0 0.3786886328093087 
2.0 0.36719439590186403 
2.0 0.3649328839337384 
2.0 0.37943881808526775 
2.0 0.36601699561403506 
2.0 0.36798416702835646 
2.0 0.37943881808526775 
2.0 0.36601699561403506 
2.0 0.36798416702835646 
2.0 0.37943881808526775 
2.0 0.36601699561403506 
2.0 0.36798416702835646 
2.0 0.37943881808526775 
2.0 0.36601699561403506 
2.0 0.36798416702835646 
2.0 0.37943881808526775 
2.0 0.36601699561403506 
2.0 0.36798416702835646 
2.0 0.37943881808526775 
2.0 0.36601699561403506 
2.0 0.36798416702835646 
2.0 0.3822553773794102 
2.0 0.35461477179276313 
2.0 0.36747334798177084 
2.0 0.3822553773794102 
2.0 0.35461477179276313 
2.0 0.36747334798177084 
2.0 0.37421334307855697 
2.0 0.33573449921189696 
2.0 0.355700367115162 
2.0 0.37421334307855697 
2.0 0.33573449921189696 
2.0 0.355700367115162 
2.0 0.37421334307855697 
2.0 0.33573449921189696 
2.0 0.355700367115162 
2.0 0.37421334307855697 
2.0 0.33573449921189696 
2.0 0.355700367115162 
2.0 0.37421334307855697 
2.0 0.33573449921189696 
2.0 0.355700367115162 
2.0 0.37421334307855697 
2.0 0.33573449921189696 
2.0 0.355700367115162 
2.0 0.37231346212200783 
2.0 0.329129852830318 
2.0 0.3458165373625579 
2.0 0.37231346212200783 
2.0 0.329129852830318 
2.0 0.3458165373625579 
2.0 0.37231346212200783 
2.0 0.329129852830318 
2.0 0.3458165373625579 
2.0 0.37231346212200783 
2.0 0.329129852830318 
2.0 0.3458165373625579 
2.0 0.37082191770829687 
2.0 0.3316262121367873 
2.0 0.33732880768952545 
2.0 0.37082191770829687 
2.0 0.3316262121367873 
2.0 0.33732880768952545 
2.0 0.37082191770829687 
2.0 0.3316262121367873 
2.0 0.33732880768952545 
2.0 0.37082191770829687 
2.0 0.3316262121367873 
2.0 0.33732880768952545 
2.0 0.3789317892697501 
2.0 0.3280256518983004 
2.0 0.3153357611762153 
2.0 0.3789317892697501 
2.0 0.3280256518983004 
2.0 0.3153357611762153 
2.0 0.3789317892697501 
2.0 0.3280256518983004 
2.0 0.3153357611762153 
2.0 0.3789317892697501 
2.0 0.3280256518983004 
2.0 0.3153357611762153 
2.0 0.3795266418075931 
2.0 0.3283625873766447 
2.0 0.3127309841579861 
2.0 0.3795266418075931 
2.0 0.3283625873766447 
2.0 0.3127309841579861 
2.0 0.3784490140984793 
2.0 0.33394745408442983 
2.0 0.3187236418547454 
2.0 0.3784490140984793 
2.0 0.33394745408442983 
2.0 0.3187236418547454 
2.0 0.3784490140984793 
2.0 0.33394745408442983 
2.0 0.3187236418547454 
2.0 0.3784490140984793 
2.0 0.33394745408442983 
2.0 0.3187236418547454 
2.0 0.3784490140984793 
2.0 0.33394745408442983 
2.0 0.3187236418547454 
2.0 0.3784490140984793 
2.0 0.33394745408442983 
2.0 0.3187236418547454 
2.0 0.37157771961766045 
2.0 0.3061287006578947 
2.0 0.29154857494212966 
2.0 0.37157771961766045 
2.0 0.3061287006578947 
2.0 0.29154857494212966 
2.0 0.37157771961766045 
2.0 0.3061287006578947 
2.0 0.29154857494212966 
2.0 0.37157771961766045 
2.0 0.3061287006578947 
2.0 0.29154857494212966 
2.0 0.37157771961766045 
2.0 0.3061287006578947 
2.0 0.29154857494212966 
2.0 0.37157771961766045 
2.0 0.3061287006578947 
2.0 0.29154857494212966 
2.0 0.37157771961766045 
2.0 0.3061287006578947 
2.0 0.29154857494212966 
2.0 0.37157771961766045 
2.0 0.3061287006578947 
2.0 0.29154857494212966 
2.0 0.37157771961766045 
2.0 0.3061287006578947 
2.0 0.29154857494212966 
2.0 0.37157771961766045 
2.0 0.3061287006578947 
2.0 0.29154857494212966 
2.0 0.3633846562328583 
2.0 0.29717707048382674 
2.0 0.2876748544198495 
2.0 0.3633846562328583 
2.0 0.29717707048382674 
2.0 0.2876748544198495 
2.0 0.36388679784788114 
2.0 0.28395891156112935 
2.0 0.28314620406539354 
2.0 0.36388679784788114 
2.0 0.28395891156112935 
2.0 0.28314620406539354 
2.0 0.3646516082536792 
2.0 0.2812962582236842 
2.0 0.2798875144675926 
2.0 0.3646516082536792 
2.0 0.2812962582236842 
2.0 0.2798875144675926 
2.0 0.3646516082536792 
2.0 0.2812962582236842 
2.0 0.2798875144675926 
2.0 0.3646516082536792 
2.0 0.2812962582236842 
2.0 0.2798875144675926 
2.0 0.3646516082536792 
2.0 0.2812962582236842 
2.0 0.2798875144675926 
2.0 0.3646516082536792 
2.0 0.2812962582236842 
2.0 0.2798875144675926 
2.0 0.3646516082536792 
2.0 0.2812962582236842 
2.0 0.2798875144675926 
2.0 0.3646516082536792 
2.0 0.2812962582236842 
2.0 0.2798875144675926 
2.0 0.35928958340627665 
2.0 0.2752047354714912 
2.0 0.27835869683159725 
2.0 0.35928958340627665 
2.0 0.2752047354714912 
2.0 0.27835869683159725 
2.0 0.3670244170372186 
2.0 0.2713657312225877 
2.0 0.2857137722439236 
2.0 0.3670244170372186 
2.0 0.2713657312225877 
2.0 0.2857137722439236 
2.0 0.37130739178133354 
2.0 0.2829586417214912 
2.0 0.30590648509837964 
2.0 0.37130739178133354 
2.0 0.2829586417214912 
2.0 0.30590648509837964 
2.0 0.37130739178133354 
2.0 0.2829586417214912 
2.0 0.30590648509837964 
2.0 0.37130739178133354 
2.0 0.2829586417214912 
2.0 0.30590648509837964 
2.0 0.3616731148535883 
2.0 0.2672346576891448 
2.0 0.2868006049262153 
2.0 0.3616731148535883 
2.0 0.2672346576891448 
2.0 0.2868006049262153 
2.0 0.3591653974534038 
2.0 0.2570266027617873 
2.0 0.2785494203920718 
2.0 0.3603797573614369 
2.0 0.2841346713952851 
2.0 0.26440171983506944 
2.0 0.35901320127679937 
2.0 0.24774816680372808 
2.0 0.27881022135416667 
2.0 0.35901320127679937 
2.0 0.24774816680372808 
2.0 0.27881022135416667 
2.0 0.35901320127679937 
2.0 0.24774816680372808 
2.0 0.27881022135416667 
2.0 0.35901320127679937 
2.0 0.24774816680372808 
2.0 0.27881022135416667 
2.0 0.35901320127679937 
2.0 0.24774816680372808 
2.0 0.27881022135416667 
2.0 0.35901320127679937 
2.0 0.24774816680372808 
2.0 0.27881022135416667 
2.0 0.3360283326330777 
2.0 0.2590762275561952 
2.0 0.26214398419415513 
2.0 0.3360283326330777 
2.0 0.2590762275561952 
2.0 0.26214398419415513 
2.0 0.3360283326330777 
2.0 0.2590762275561952 
2.0 0.26214398419415513 
2.0 0.3360283326330777 
2.0 0.2590762275561952 
2.0 0.26214398419415513 
2.0 0.3324117677952453 
2.0 0.23941121419270833 
2.0 0.26124715169270835 
2.0 0.3324117677952453 
2.0 0.23941121419270833 
2.0 0.26124715169270835 
2.0 0.3324117677952453 
2.0 0.23941121419270833 
2.0 0.26124715169270835 
2.0 0.3324117677952453 
2.0 0.23941121419270833 
2.0 0.26124715169270835 
2.0 0.3324117677952453 
2.0 0.23941121419270833 
2.0 0.26124715169270835 
2.0 0.3324117677952453 
2.0 0.23941121419270833 
2.0 0.26124715169270835 
2.0 0.32800734247166885 
2.0 0.23167690344024122 
2.0 0.26324031123408564 
2.0 0.32800734247166885 
2.0 0.23167690344024122 
2.0 0.26324031123408564 
2.0 0.32800734247166885 
2.0 0.23167690344024122 
2.0 0.26324031123408564 
