1.0 26.33032084031209 
1.0 26.351691472152442 
1.0 25.152802635325912 
1.0 25.152802635325912 
1.0 23.891444058206837 
1.0 23.70548305198848 
1.0 23.097827983650586 
1.0 23.097827983650586 
1.0 23.097827983650586 
1.0 23.097827983650586 
1.0 23.072416699207206 
1.0 23.072416699207206 
1.0 23.09367955799483 
1.0 23.09367955799483 
1.0 23.127561557605556 
1.0 23.127561557605556 
1.0 23.136247286930928 
1.0 23.136247286930928 
1.0 23.100373736329058 
1.0 23.100373736329058 
1.0 23.100373736329058 
1.0 23.100373736329058 
1.0 22.961599095136254 
1.0 22.961599095136254 
1.0 22.961599095136254 
1.0 23.032974912317762 
1.0 23.032974912317762 
1.0 23.032974912317762 
1.0 22.84402993097534 
1.0 22.84402993097534 
1.0 22.84402993097534 
1.0 22.84402993097534 
1.0 22.84402993097534 
1.0 22.84402993097534 
1.0 22.80060314236523 
1.0 22.80060314236523 
1.0 22.80060314236523 
1.0 22.80060314236523 
1.0 22.80060314236523 
1.0 22.80060314236523 
1.0 22.716229420646446 
1.0 22.716229420646446 
1.0 22.667454161502675 
1.0 22.667454161502675 
1.0 22.667454161502675 
1.0 22.667454161502675 
1.0 22.667454161502675 
1.0 22.667454161502675 
1.0 22.40788995551684 
1.0 22.40788995551684 
1.0 22.40788995551684 
1.0 22.40788995551684 
1.0 22.367068598084973 
1.0 22.367068598084973 
1.0 22.367068598084973 
1.0 22.367068598084973 
1.0 22.15196902176296 
1.0 22.15196902176296 
1.0 22.15196902176296 
1.0 22.15196902176296 
1.0 22.152180360310084 
1.0 22.152180360310084 
1.0 22.008238028134958 
1.0 22.008238028134958 
1.0 22.008238028134958 
1.0 22.008238028134958 
1.0 22.008238028134958 
1.0 22.008238028134958 
1.0 21.980079888620278 
1.0 21.980079888620278 
1.0 21.980079888620278 
1.0 21.980079888620278 
1.0 21.980079888620278 
1.0 21.980079888620278 
1.0 21.980079888620278 
1.0 21.980079888620278 
1.0 21.980079888620278 
1.0 21.980079888620278 
1.0 21.953562349692742 
1.0 21.953562349692742 
1.0 21.887062243200106 
1.0 21.887062243200106 
1.0 21.87297949135792 
1.0 21.87297949135792 
1.0 21.87297949135792 
1.0 21.87297949135792 
1.0 21.87297949135792 
1.0 21.87297949135792 
1.0 21.87297949135792 
1.0 21.87297949135792 
1.0 21.867419753062112 
1.0 21.867419753062112 
1.0 21.82373511769481 
1.0 21.82373511769481 
1.0 21.655816454033666 
1.0 21.655816454033666 
1.0 21.655816454033666 
1.0 21.655816454033666 
1.0 21.586366350181482 
1.0 21.586366350181482 
1.0 21.631224442041507 
1.0 21.45752636447469 
1.0 21.401759682806468 
1.0 21.401759682806468 
1.0 21.401759682806468 
1.0 21.401759682806468 
1.0 21.401759682806468 
1.0 21.401759682806468 
1.0 21.42403476551705 
1.0 21.42403476551705 
1.0 21.42403476551705 
1.0 21.42403476551705 
1.0 21.36157165533666 
1.0 21.36157165533666 
1.0 21.36157165533666 
1.0 21.36157165533666 
1.0 21.36157165533666 
1.0 21.36157165533666 
1.0 21.37985771392648 
1.0 21.37985771392648 
1.0 21.37985771392648 
