1.0 0.3545258651823687 
1.0 0.369049478564742 
1.0 0.5976779460906982 
1.0 0.3575080104128143 
1.0 0.37766369701137203 
1.0 0.5982880115509033 
1.0 0.3207704442492604 
1.0 0.3341247739171135 
1.0 0.5185505867004394 
1.0 0.3207704442492604 
1.0 0.3341247739171135 
1.0 0.5185505867004394 
1.0 0.3064528245192307 
1.0 0.32748738125231136 
1.0 0.5042078018188476 
1.0 0.3056099795730862 
1.0 0.3274206579084227 
1.0 0.5163119792938232 
1.0 0.2890036317723743 
1.0 0.307261901494314 
1.0 0.37459034919738765 
1.0 0.2890036317723743 
1.0 0.307261901494314 
1.0 0.37459034919738765 
1.0 0.2890036317723743 
1.0 0.307261901494314 
1.0 0.37459034919738765 
1.0 0.2890036317723743 
1.0 0.307261901494314 
1.0 0.37459034919738765 
1.0 0.2923947396363027 
1.0 0.3064890302849944 
1.0 0.3681903839111328 
1.0 0.2923947396363027 
1.0 0.3064890302849944 
1.0 0.3681903839111328 
1.0 0.2905581773385494 
1.0 0.3057714157555935 
1.0 0.3643457889556885 
1.0 0.2905581773385494 
1.0 0.3057714157555935 
1.0 0.3643457889556885 
1.0 0.2890104485686714 
1.0 0.3036432209804919 
1.0 0.3516414642333985 
1.0 0.2890104485686714 
1.0 0.3036432209804919 
1.0 0.3516414642333985 
1.0 0.2876409948224852 
1.0 0.3030093492135494 
1.0 0.35207953453063967 
1.0 0.2876409948224852 
1.0 0.3030093492135494 
1.0 0.35207953453063967 
1.0 0.28320827145548266 
1.0 0.29798487375473837 
1.0 0.3477380752563477 
1.0 0.28320827145548266 
1.0 0.29798487375473837 
1.0 0.3477380752563477 
1.0 0.28320827145548266 
1.0 0.29798487375473837 
1.0 0.3477380752563477 
1.0 0.28320827145548266 
1.0 0.29798487375473837 
1.0 0.3477380752563477 
1.0 0.3026464338133321 
1.0 0.2954922286716438 
1.0 0.31916227340698244 
1.0 0.3026464338133321 
1.0 0.2954922286716438 
1.0 0.31916227340698244 
1.0 0.3026464338133321 
1.0 0.2954922286716438 
1.0 0.31916227340698244 
1.0 0.3021030764607988 
1.0 0.28990615754437865 
1.0 0.3042235851287842 
1.0 0.3021030764607988 
1.0 0.28990615754437865 
1.0 0.3042235851287842 
1.0 0.3021030764607988 
1.0 0.28990615754437865 
1.0 0.3042235851287842 
1.0 0.2990786761221801 
1.0 0.29311483710475217 
1.0 0.3126805782318115 
1.0 0.2990786761221801 
1.0 0.29311483710475217 
1.0 0.3126805782318115 
1.0 0.2990786761221801 
1.0 0.29311483710475217 
1.0 0.3126805782318115 
1.0 0.2990786761221801 
1.0 0.29311483710475217 
1.0 0.3126805782318115 
1.0 0.2990786761221801 
1.0 0.29311483710475217 
1.0 0.3126805782318115 
1.0 0.2990786761221801 
1.0 0.29311483710475217 
1.0 0.3126805782318115 
1.0 0.2980403561563887 
1.0 0.29613481329742974 
1.0 0.31286096572875977 
1.0 0.2980403561563887 
1.0 0.29613481329742974 
1.0 0.31286096572875977 
1.0 0.2980403561563887 
1.0 0.29613481329742974 
1.0 0.31286096572875977 
1.0 0.2980403561563887 
1.0 0.29613481329742974 
1.0 0.31286096572875977 
1.0 0.2980403561563887 
1.0 0.29613481329742974 
1.0 0.31286096572875977 
1.0 0.2980403561563887 
1.0 0.29613481329742974 
1.0 0.31286096572875977 
1.0 0.2958782579771866 
1.0 0.30322811871590694 
1.0 0.3169519424438476 
1.0 0.2958782579771866 
1.0 0.30322811871590694 
1.0 0.3169519424438476 
1.0 0.2876481276292068 
1.0 0.2949523474337786 
1.0 0.2989839553833008 
1.0 0.2876481276292068 
1.0 0.2949523474337786 
1.0 0.2989839553833008 
1.0 0.2876481276292068 
1.0 0.2949523474337786 
1.0 0.2989839553833008 
1.0 0.2876481276292068 
1.0 0.2949523474337786 
1.0 0.2989839553833008 
1.0 0.2876481276292068 
1.0 0.2949523474337786 
1.0 0.2989839553833008 
1.0 0.2876481276292068 
1.0 0.2949523474337786 
1.0 0.2989839553833008 
1.0 0.28851255157290123 
1.0 0.292205404247758 
1.0 0.2968488216400147 
1.0 0.28851255157290123 
1.0 0.292205404247758 
1.0 0.2968488216400147 
1.0 0.28851255157290123 
1.0 0.292205404247758 
1.0 0.2968488216400147 
1.0 0.28851255157290123 
1.0 0.292205404247758 
1.0 0.2968488216400147 
1.0 0.2882203773633968 
1.0 0.28743992190389234 
1.0 0.2947657108306885 
1.0 0.2882203773633968 
1.0 0.28743992190389234 
1.0 0.2947657108306885 
1.0 0.2882203773633968 
1.0 0.28743992190389234 
1.0 0.2947657108306885 
1.0 0.2882203773633968 
1.0 0.28743992190389234 
1.0 0.2947657108306885 
1.0 0.29781309951691937 
1.0 0.2896470289963943 
1.0 0.26880092620849605 
1.0 0.29781309951691937 
1.0 0.2896470289963943 
1.0 0.26880092620849605 
1.0 0.29781309951691937 
1.0 0.2896470289963943 
1.0 0.26880092620849605 
1.0 0.29781309951691937 
1.0 0.2896470289963943 
1.0 0.26880092620849605 
1.0 0.300067743606116 
1.0 0.2898738341924001 
1.0 0.26602993011474607 
1.0 0.300067743606116 
1.0 0.2898738341924001 
1.0 0.26602993011474607 
1.0 0.29942010281354015 
1.0 0.29336466591739085 
1.0 0.27960295677185054 
1.0 0.29942010281354015 
1.0 0.29336466591739085 
1.0 0.27960295677185054 
1.0 0.29942010281354015 
1.0 0.29336466591739085 
1.0 0.27960295677185054 
1.0 0.29942010281354015 
1.0 0.29336466591739085 
1.0 0.27960295677185054 
1.0 0.29942010281354015 
1.0 0.29336466591739085 
1.0 0.27960295677185054 
1.0 0.29942010281354015 
1.0 0.29336466591739085 
1.0 0.27960295677185054 
1.0 0.29028139735114644 
1.0 0.28508058807553627 
1.0 0.25521941184997554 
1.0 0.29028139735114644 
1.0 0.28508058807553627 
1.0 0.25521941184997554 
1.0 0.29028139735114644 
1.0 0.28508058807553627 
1.0 0.25521941184997554 
1.0 0.29028139735114644 
1.0 0.28508058807553627 
1.0 0.25521941184997554 
1.0 0.29028139735114644 
1.0 0.28508058807553627 
1.0 0.25521941184997554 
1.0 0.29028139735114644 
1.0 0.28508058807553627 
1.0 0.25521941184997554 
1.0 0.29028139735114644 
1.0 0.28508058807553627 
1.0 0.25521941184997554 
1.0 0.29028139735114644 
1.0 0.28508058807553627 
1.0 0.25521941184997554 
1.0 0.29028139735114644 
1.0 0.28508058807553627 
1.0 0.25521941184997554 
1.0 0.29028139735114644 
1.0 0.28508058807553627 
1.0 0.25521941184997554 
1.0 0.28093281582262386 
1.0 0.28171886918107436 
1.0 0.2565601825714111 
1.0 0.28093281582262386 
1.0 0.28171886918107436 
1.0 0.2565601825714111 
1.0 0.28119022888544754 
1.0 0.2812218299278846 
1.0 0.2508596420288086 
1.0 0.28119022888544754 
1.0 0.2812218299278846 
1.0 0.2508596420288086 
1.0 0.28205749692296134 
1.0 0.2804956379726794 
1.0 0.24232454299926753 
1.0 0.28205749692296134 
1.0 0.2804956379726794 
1.0 0.24232454299926753 
1.0 0.28205749692296134 
1.0 0.2804956379726794 
1.0 0.24232454299926753 
1.0 0.28205749692296134 
1.0 0.2804956379726794 
1.0 0.24232454299926753 
1.0 0.28205749692296134 
1.0 0.2804956379726794 
1.0 0.24232454299926753 
1.0 0.28205749692296134 
1.0 0.2804956379726794 
1.0 0.24232454299926753 
1.0 0.28205749692296134 
1.0 0.2804956379726794 
1.0 0.24232454299926753 
1.0 0.28205749692296134 
1.0 0.2804956379726794 
1.0 0.24232454299926753 
1.0 0.2771982497717502 
1.0 0.27638542581592085 
1.0 0.24655313491821285 
1.0 0.2771982497717502 
1.0 0.27638542581592085 
1.0 0.24655313491821285 
1.0 0.2806441628721339 
1.0 0.2804004736905973 
1.0 0.2518040180206299 
1.0 0.2806441628721339 
1.0 0.2804004736905973 
1.0 0.2518040180206299 
1.0 0.28254762909116127 
1.0 0.2885868591669749 
1.0 0.2608202934265137 
1.0 0.28254762909116127 
1.0 0.2885868591669749 
1.0 0.2608202934265137 
1.0 0.28254762909116127 
1.0 0.2885868591669749 
1.0 0.2608202934265137 
1.0 0.28254762909116127 
1.0 0.2885868591669749 
1.0 0.2608202934265137 
1.0 0.2763471434102256 
1.0 0.28007019765278296 
1.0 0.24484496116638188 
1.0 0.2763471434102256 
1.0 0.28007019765278296 
1.0 0.24484496116638188 
1.0 0.27276096682576734 
1.0 0.27787090053219765 
1.0 0.23648643493652344 
1.0 0.2792141705575074 
1.0 0.2777708155163646 
1.0 0.23831415176391602 
1.0 0.27054013585197856 
1.0 0.28041663536658656 
1.0 0.2287287712097168 
1.0 0.27054013585197856 
1.0 0.28041663536658656 
1.0 0.2287287712097168 
1.0 0.27054013585197856 
1.0 0.28041663536658656 
1.0 0.2287287712097168 
1.0 0.27054013585197856 
1.0 0.28041663536658656 
1.0 0.2287287712097168 
1.0 0.27054013585197856 
1.0 0.28041663536658656 
1.0 0.2287287712097168 
1.0 0.27054013585197856 
1.0 0.28041663536658656 
1.0 0.2287287712097168 
1.0 0.26936710515671225 
1.0 0.24598919569387945 
1.0 0.23450903892517094 
1.0 0.26936710515671225 
1.0 0.24598919569387945 
1.0 0.23450903892517094 
1.0 0.26936710515671225 
1.0 0.24598919569387945 
1.0 0.23450903892517094 
1.0 0.26936710515671225 
1.0 0.24598919569387945 
1.0 0.23450903892517094 
1.0 0.2639075736322346 
1.0 0.24629780244545119 
1.0 0.22863330841064455 
1.0 0.2639075736322346 
1.0 0.24629780244545119 
1.0 0.22863330841064455 
1.0 0.2639075736322346 
1.0 0.24629780244545119 
1.0 0.22863330841064455 
1.0 0.2639075736322346 
1.0 0.24629780244545119 
1.0 0.22863330841064455 
1.0 0.2639075736322346 
1.0 0.24629780244545119 
1.0 0.22863330841064455 
1.0 0.2639075736322346 
1.0 0.24629780244545119 
1.0 0.22863330841064455 
1.0 0.25925228863778194 
1.0 0.24679845324634797 
1.0 0.23090090751647951 
1.0 0.25925228863778194 
1.0 0.24679845324634797 
1.0 0.23090090751647951 
1.0 0.25925228863778194 
1.0 0.24679845324634797 
1.0 0.23090090751647951 
