# PLDDT for structure 
0 0.5260552167892456 
1 0.5572072267532349 
2 0.631476879119873 
3 0.7135213613510132 
4 0.7596262097358704 
5 0.7811738848686218 
6 0.7947641015052795 
7 0.8117197155952454 
8 0.8448240756988525 
9 0.8368353843688965 
10 0.845977783203125 
11 0.8738781809806824 
12 0.8913406133651733 
13 0.8860374689102173 
14 0.8825873732566833 
15 0.8991754651069641 
16 0.9013833999633789 
17 0.8880844116210938 
18 0.878203272819519 
19 0.8815898895263672 
20 0.8829901218414307 
21 0.8539009690284729 
22 0.8181447982788086 
23 0.8195321559906006 
24 0.827402651309967 
25 0.786207914352417 
26 0.7230353951454163 
27 0.668178379535675 
28 0.605389416217804 
29 0.55998295545578 
30 0.5171822309494019 
31 0.43847763538360596 
32 0.4219682216644287 
33 0.4570844769477844 
34 0.43270546197891235 
35 0.41759228706359863 
36 0.4855576157569885 
37 0.5535323619842529 
38 0.6000713109970093 
39 0.6048699617385864 
40 0.6585645079612732 
41 0.7654582262039185 
42 0.7972776293754578 
43 0.8138208985328674 
44 0.8183387517929077 
45 0.8472064733505249 
46 0.8785518407821655 
47 0.880635678768158 
48 0.8802578449249268 
49 0.8888146281242371 
50 0.8995468020439148 
51 0.8919432163238525 
52 0.8760433197021484 
53 0.8727582097053528 
54 0.8658047914505005 
55 0.8541070222854614 
56 0.8278195261955261 
57 0.8152770400047302 
58 0.8070589303970337 
59 0.7772242426872253 
60 0.735659122467041 
61 0.7349119782447815 
62 0.7428091168403625 
63 0.7054597735404968 
64 0.7691208124160767 
65 0.7799132466316223 
66 0.8222041726112366 
67 0.8080170154571533 
68 0.7946297526359558 
69 0.8183726668357849 
70 0.8246585130691528 
71 0.8133444786071777 
72 0.8238057494163513 
73 0.8576939702033997 
74 0.8694101572036743 
75 0.8550705313682556 
76 0.8651736974716187 
77 0.8670604228973389 
78 0.8710631728172302 
79 0.8736576437950134 
80 0.8660776615142822 
81 0.8419961333274841 
82 0.8680227994918823 
83 0.8673667311668396 
84 0.8198907971382141 
85 0.8137355446815491 
86 0.8346520662307739 
87 0.8222314715385437 
88 0.7644190192222595 
89 0.7816880345344543 
90 0.777948796749115 
91 0.7462714314460754 
92 0.6981488466262817 
93 0.6991686224937439 
94 0.6975967884063721 
95 0.5864705443382263 
96 0.5362808108329773 
97 0.47318235039711 
98 0.41463059186935425 
99 0.44675928354263306 
100 0.4619629383087158 
101 0.37433770298957825 
102 0.42312711477279663 
103 0.42577242851257324 
104 0.4372738003730774 
105 0.44755804538726807 
106 0.4523279666900635 
107 0.4928995370864868 
108 0.5346922874450684 
109 0.5239503383636475 
110 0.5284121036529541 
111 0.561968982219696 
112 0.5703984498977661 
113 0.5945414304733276 
114 0.6278674006462097 
115 0.6131455898284912 
116 0.6342290639877319 
117 0.6813552379608154 
118 0.6974860429763794 
119 0.6982746720314026 
120 0.6882886290550232 
121 0.693086564540863 
122 0.7181536555290222 
123 0.7061068415641785 
124 0.743421196937561 
125 0.7149479389190674 
126 0.7513880729675293 
127 0.7420626282691956 
128 0.7755404710769653 
129 0.7836576104164124 
130 0.7555555105209351 
131 0.7807883620262146 
132 0.7978330254554749 
133 0.7870655059814453 
134 0.7831029891967773 
135 0.7772209644317627 
136 0.7713610529899597 
137 0.7408693432807922 
138 0.7498396039009094 
139 0.7404113411903381 
140 0.7467759847640991 
141 0.7499757409095764 
142 0.7447961568832397 
143 0.7581515312194824 
144 0.782474160194397 
145 0.7911750078201294 
146 0.7747295498847961 
147 0.8124350905418396 
148 0.8316051959991455 
149 0.8159474730491638 
150 0.8295354247093201 
151 0.8587517738342285 
152 0.8581720590591431 
153 0.854660153388977 
154 0.8612403869628906 
155 0.8637285828590393 
156 0.8567349910736084 
157 0.8738357424736023 
158 0.8723199963569641 
159 0.8537634015083313 
160 0.8634262084960938 
161 0.8544979095458984 
162 0.8200821876525879 
163 0.8241249322891235 
164 0.8155019283294678 
165 0.7940627932548523 
166 0.75844806432724 
167 0.7424946427345276 
168 0.6762890219688416 
169 0.5488365292549133 
170 0.5601376891136169 
171 0.6316533088684082 
172 0.71939617395401 
173 0.7658366560935974 
174 0.784142255783081 
175 0.7939361333847046 
176 0.8174880146980286 
177 0.8487753868103027 
178 0.8440173268318176 
179 0.8496353626251221 
180 0.8759689331054688 
181 0.894170880317688 
182 0.8831936717033386 
183 0.8697882294654846 
184 0.8909748196601868 
185 0.8929410576820374 
186 0.8772368431091309 
187 0.8671781420707703 
188 0.8788115382194519 
189 0.8732485771179199 
190 0.8508089780807495 
191 0.8324606418609619 
192 0.8273180723190308 
193 0.8280088305473328 
194 0.8190905451774597 
195 0.7828544974327087 
196 0.7410807013511658 
197 0.696117103099823 
198 0.6574726700782776 
199 0.6175409555435181 
200 0.5560807585716248 
201 0.5831121206283569 
202 0.6635674238204956 
203 0.7242084741592407 
204 0.7380176186561584 
205 0.7657657861709595 
206 0.7742489576339722 
207 0.7377321720123291 
208 0.7572770714759827 
209 0.7819545269012451 
210 0.773314356803894 
211 0.720721960067749 
212 0.7431102991104126 
213 0.8155415654182434 
214 0.852057933807373 
215 0.8781402707099915 
216 0.8863937258720398 
217 0.885781466960907 
218 0.891012966632843 
219 0.9031481742858887 
220 0.8980841040611267 
221 0.8832658529281616 
222 0.8795388340950012 
223 0.8786230087280273 
224 0.8594250082969666 
225 0.8318862318992615 
226 0.8228011131286621 
227 0.8107776641845703 
228 0.7778834700584412 
229 0.7259855270385742 
230 0.7233357429504395 
231 0.7184800505638123 
232 0.691961407661438 
233 0.7522819638252258 
234 0.7633909583091736 
235 0.812655508518219 
236 0.8010362982749939 
237 0.7846890091896057 
238 0.8071946501731873 
239 0.8150105476379395 
240 0.8070618510246277 
241 0.8176001906394958 
242 0.8533501625061035 
243 0.8689234852790833 
244 0.8537180423736572 
245 0.8672809600830078 
246 0.8729970455169678 
247 0.8795543909072876 
248 0.8776298761367798 
249 0.8743863701820374 
250 0.8587638139724731 
251 0.8749547004699707 
252 0.8727235198020935 
253 0.8372376561164856 
254 0.8374291062355042 
255 0.8463298678398132 
256 0.8316596150398254 
257 0.7971368432044983 
258 0.813774049282074 
259 0.8085547089576721 
260 0.7629943490028381 
261 0.7406177520751953 
262 0.757932186126709 
263 0.717383086681366 
264 0.5755214095115662 
265 0.5194841623306274 
266 0.47030115127563477 
267 0.4388304352760315 
268 0.43850481510162354 
269 0.4432661533355713 
270 0.3539128601551056 
271 0.416451632976532 
272 0.430161714553833 
273 0.436085045337677 
274 0.42841100692749023 
275 0.446033239364624 
276 0.45766401290893555 
277 0.4917594790458679 
278 0.4706043004989624 
279 0.48540568351745605 
280 0.49186503887176514 
281 0.48732906579971313 
282 0.4792734384536743 
283 0.5492860078811646 
284 0.553981602191925 
285 0.5452449917793274 
286 0.6033454537391663 
287 0.6762269735336304 
288 0.7186989784240723 
289 0.7425764203071594 
290 0.6949720978736877 
291 0.7318038940429688 
292 0.6751214265823364 
293 0.6729101538658142 
294 0.6051735281944275 
295 0.6543876528739929 
296 0.6442002058029175 
297 0.6844474673271179 
298 0.7139759659767151 
299 0.7129163146018982 
300 0.7651048302650452 
301 0.787477970123291 
302 0.804023265838623 
303 0.779315710067749 
304 0.7844281792640686 
305 0.8170921802520752 
306 0.7972580194473267 
307 0.7825772762298584 
308 0.8050616383552551 
309 0.8153442144393921 
310 0.7969299554824829 
311 0.8068405389785767 
312 0.831511914730072 
313 0.825269341468811 
314 0.8274666666984558 
315 0.8323917984962463 
316 0.8606770038604736 
317 0.8601759076118469 
318 0.8566087484359741 
319 0.866141140460968 
320 0.8786439299583435 
321 0.8715265989303589 
322 0.8775550127029419 
323 0.8782089352607727 
324 0.8698223233222961 
325 0.8672323226928711 
326 0.8744540810585022 
327 0.8713678121566772 
328 0.8605077862739563 
329 0.8646039962768555 
330 0.8503410220146179 
331 0.8198452591896057 
332 0.8315736055374146 
333 0.8221038579940796 
334 0.7935390472412109 
335 0.7671085596084595 
336 0.7455775141716003 
337 0.6856134533882141 
338 0.6956712603569031 
339 0.7974910736083984 
340 0.8403214812278748 
341 0.8260804414749146 
342 0.8452996611595154 
343 0.8748836517333984 
344 0.8896051645278931 
345 0.8705978989601135 
346 0.8771117925643921 
347 0.8919660449028015 
348 0.8962270617485046 
349 0.8716647624969482 
350 0.865577757358551 
351 0.8694555759429932 
352 0.8749537467956543 
353 0.8578490614891052 
354 0.8386271595954895 
355 0.848355770111084 
356 0.8378093838691711 
357 0.8170334696769714 
358 0.8113903999328613 
359 0.8370965719223022 
360 0.8252163529396057 
361 0.8083144426345825 
362 0.8157150149345398 
363 0.8326665759086609 
364 0.8184148073196411 
365 0.8154751658439636 
366 0.8473913073539734 
367 0.8366954326629639 
368 0.8362049460411072 
369 0.8406847715377808 
370 0.855690062046051 
371 0.8272088766098022 
372 0.8377386927604675 
373 0.8314211964607239 
374 0.7970595359802246 
375 0.7686150074005127 
376 0.7273936867713928 
377 0.7670466303825378 
378 0.7673801779747009 
379 0.707096517086029 
380 0.7088944315910339 
381 0.7381348609924316 
382 0.6996413469314575 
383 0.7127321362495422 
384 0.713595449924469 
385 0.5937538146972656 
386 0.5832465291023254 
387 0.5251775979995728 
388 0.5416207313537598 
389 0.5988259315490723 
390 0.6450434923171997 
391 0.6547755599021912 
392 0.7585421800613403 
393 0.7877575159072876 
394 0.7771843671798706 
395 0.7693923115730286 
396 0.7960406541824341 
397 0.8026853799819946 
398 0.8185530304908752 
399 0.803911566734314 
400 0.7986496686935425 
401 0.8130626678466797 
402 0.8040083646774292 
403 0.77779620885849 
404 0.8078827261924744 
405 0.7991466522216797 
406 0.7444560527801514 
407 0.743786633014679 
408 0.7621703743934631 
409 0.7301156520843506 
410 0.6909095048904419 
411 0.6630856394767761 
412 0.6708799600601196 
413 0.6183316111564636 
414 0.6082104444503784 
415 0.5668678283691406 
416 0.5635815858840942 
417 0.536974310874939 
