2.0 0.4246076380378838 
2.0 0.9018896484375 
2.0 0.8883736617476852 
2.0 0.4334698831740252 
2.0 0.9054110985471492 
2.0 0.8799929470486112 
2.0 0.4334698831740252 
2.0 0.9054110985471492 
2.0 0.8799929470486112 
2.0 0.4334698831740252 
2.0 0.9054110985471492 
2.0 0.8799929470486112 
2.0 0.4334698831740252 
2.0 0.9054110985471492 
2.0 0.8799929470486112 
2.0 0.4334698831740252 
2.0 0.9054110985471492 
2.0 0.8799929470486112 
2.0 0.42645375978898964 
2.0 0.9030950178179824 
2.0 0.8810846173321759 
2.0 0.42645375978898964 
2.0 0.9030950178179824 
2.0 0.8810846173321759 
2.0 0.42645375978898964 
2.0 0.9030950178179824 
2.0 0.8810846173321759 
2.0 0.42645375978898964 
2.0 0.9030950178179824 
2.0 0.8810846173321759 
2.0 0.43099338550237504 
2.0 0.8977493660910087 
2.0 0.8714017288773148 
2.0 0.43099338550237504 
2.0 0.8977493660910087 
2.0 0.8714017288773148 
2.0 0.41147605855303854 
2.0 0.884503752055921 
2.0 0.8715446867766203 
2.0 0.41147605855303854 
2.0 0.884503752055921 
2.0 0.8715446867766203 
2.0 0.408159217697793 
2.0 0.8888433730811404 
2.0 0.870944552951389 
2.0 0.408159217697793 
2.0 0.8888433730811404 
2.0 0.870944552951389 
2.0 0.40494566454255804 
2.0 0.8844708573190789 
2.0 0.8694328703703704 
2.0 0.40494566454255804 
2.0 0.8844708573190789 
2.0 0.8694328703703704 
2.0 0.40494566454255804 
2.0 0.8844708573190789 
2.0 0.8694328703703704 
2.0 0.40494566454255804 
2.0 0.8844708573190789 
2.0 0.8694328703703704 
2.0 0.4267973956327393 
2.0 0.8528166975054824 
2.0 0.8336537905092593 
2.0 0.4267973956327393 
2.0 0.8528166975054824 
2.0 0.8336537905092593 
2.0 0.4267973956327393 
2.0 0.8528166975054824 
2.0 0.8336537905092593 
2.0 0.4267973956327393 
2.0 0.8528166975054824 
2.0 0.8336537905092593 
2.0 0.41723704673038997 
2.0 0.8490806606359649 
2.0 0.8188506401909722 
2.0 0.41723704673038997 
2.0 0.8490806606359649 
2.0 0.8188506401909722 
2.0 0.42066468844461563 
2.0 0.8390228378563597 
2.0 0.8037917751736111 
2.0 0.42066468844461563 
2.0 0.8390228378563597 
2.0 0.8037917751736111 
2.0 0.42066468844461563 
2.0 0.8390228378563597 
2.0 0.8037917751736111 
2.0 0.42066468844461563 
2.0 0.8390228378563597 
2.0 0.8037917751736111 
2.0 0.4195028477060794 
2.0 0.8499280427631579 
2.0 0.8075746889467593 
2.0 0.4195028477060794 
2.0 0.8499280427631579 
2.0 0.8075746889467593 
2.0 0.4195028477060794 
2.0 0.8499280427631579 
2.0 0.8075746889467593 
2.0 0.4195028477060794 
2.0 0.8499280427631579 
2.0 0.8075746889467593 
2.0 0.4195028477060794 
2.0 0.8499280427631579 
2.0 0.8075746889467593 
2.0 0.4195028477060794 
2.0 0.8499280427631579 
2.0 0.8075746889467593 
2.0 0.41902477737707594 
2.0 0.8401515385142544 
2.0 0.7972294560185186 
2.0 0.41902477737707594 
2.0 0.8401515385142544 
2.0 0.7972294560185186 
2.0 0.41902477737707594 
2.0 0.8401515385142544 
2.0 0.7972294560185186 
