1.0 23.111911245969974 
1.0 22.994627715984095 
1.0 22.994627715984095 
1.0 22.994627715984095 
1.0 22.994627715984095 
1.0 22.994627715984095 
1.0 22.786722524386246 
1.0 22.786722524386246 
1.0 22.786722524386246 
1.0 22.786722524386246 
1.0 22.607274853103767 
1.0 22.607274853103767 
1.0 22.438253621187055 
1.0 22.438253621187055 
1.0 22.40865962244676 
1.0 22.40865962244676 
1.0 22.360763816055517 
1.0 22.360763816055517 
1.0 22.360763816055517 
1.0 22.360763816055517 
1.0 22.32952936000581 
1.0 22.32952936000581 
1.0 22.32952936000581 
1.0 22.32952936000581 
1.0 22.362216847778857 
1.0 22.362216847778857 
1.0 22.16679129569817 
1.0 22.16679129569817 
1.0 22.16679129569817 
1.0 22.16679129569817 
1.0 22.10380033455199 
1.0 22.10380033455199 
1.0 22.10380033455199 
1.0 22.10380033455199 
1.0 22.10380033455199 
1.0 22.10380033455199 
1.0 22.13461283651269 
1.0 22.13461283651269 
1.0 22.13461283651269 
