1.0 0.3371828970824473 
1.0 0.33709716796875 
1.0 0.6827077388763427 
1.0 0.6478448822384789 
1.0 0.48592162242133496 
1.0 0.33362841182911884 
1.0 0.33384898710533006 
1.0 0.6829925298690795 
1.0 0.6413830348423549 
1.0 0.47189313475437433 
1.0 0.33362841182911884 
1.0 0.33384898710533006 
1.0 0.6829925298690795 
1.0 0.6413830348423549 
1.0 0.47189313475437433 
1.0 0.33362841182911884 
1.0 0.33384898710533006 
1.0 0.6829925298690795 
1.0 0.6413830348423549 
1.0 0.47189313475437433 
1.0 0.33362841182911884 
1.0 0.33384898710533006 
1.0 0.6829925298690795 
1.0 0.6413830348423549 
1.0 0.47189313475437433 
1.0 0.33362841182911884 
1.0 0.33384898710533006 
1.0 0.6829925298690795 
1.0 0.6413830348423549 
1.0 0.47189313475437433 
1.0 0.33397444324380543 
1.0 0.334941344853689 
1.0 0.6831738471984863 
1.0 0.6489109084719703 
1.0 0.47636983141921085 
1.0 0.33397444324380543 
1.0 0.334941344853689 
1.0 0.6831738471984863 
1.0 0.6489109084719703 
1.0 0.47636983141921085 
1.0 0.33397444324380543 
1.0 0.334941344853689 
1.0 0.6831738471984863 
1.0 0.6489109084719703 
1.0 0.47636983141921085 
1.0 0.33397444324380543 
1.0 0.334941344853689 
1.0 0.6831738471984863 
1.0 0.6489109084719703 
1.0 0.47636983141921085 
1.0 0.33809503860022194 
1.0 0.34028589372804174 
1.0 0.6821491718292236 
1.0 0.6524669329325359 
1.0 0.4874684206351706 
1.0 0.33809503860022194 
1.0 0.34028589372804174 
1.0 0.6821491718292236 
1.0 0.6524669329325359 
1.0 0.4874684206351706 
1.0 0.33194502429849293 
1.0 0.335415766789363 
1.0 0.6689658641815186 
1.0 0.6186352684384301 
1.0 0.4804447719029018 
1.0 0.33194502429849293 
1.0 0.335415766789363 
1.0 0.6689658641815186 
1.0 0.6186352684384301 
1.0 0.4804447719029018 
1.0 0.3270105215219351 
1.0 0.3335746900569758 
1.0 0.6594604253768921 
1.0 0.6321032842000325 
1.0 0.47775092762186777 
1.0 0.3270105215219351 
1.0 0.3335746900569758 
1.0 0.6594604253768921 
1.0 0.6321032842000325 
1.0 0.47775092762186777 
1.0 0.32519811144947297 
1.0 0.33282434587647924 
1.0 0.64173264503479 
1.0 0.630888893490746 
1.0 0.4771004953692036 
1.0 0.32519811144947297 
1.0 0.33282434587647924 
1.0 0.64173264503479 
1.0 0.630888893490746 
1.0 0.4771004953692036 
1.0 0.32519811144947297 
1.0 0.33282434587647924 
1.0 0.64173264503479 
1.0 0.630888893490746 
1.0 0.4771004953692036 
1.0 0.32519811144947297 
1.0 0.33282434587647924 
1.0 0.64173264503479 
1.0 0.630888893490746 
1.0 0.4771004953692036 
1.0 0.33395539232965055 
1.0 0.33691686144947297 
1.0 0.5890555858612061 
1.0 0.6280644507635207 
1.0 0.47864416447652647 
1.0 0.33395539232965055 
1.0 0.33691686144947297 
1.0 0.5890555858612061 
1.0 0.6280644507635207 
1.0 0.47864416447652647 
1.0 0.33395539232965055 
1.0 0.33691686144947297 
1.0 0.5890555858612061 
1.0 0.6280644507635207 
1.0 0.47864416447652647 
1.0 0.33395539232965055 
1.0 0.33691686144947297 
1.0 0.5890555858612061 
1.0 0.6280644507635207 
1.0 0.47864416447652647 
1.0 0.3303360797949797 
1.0 0.3319201949080066 
1.0 0.5354104042053223 
1.0 0.6293178512936547 
1.0 0.48044294366089435 
1.0 0.3303360797949797 
1.0 0.3319201949080066 
1.0 0.5354104042053223 
1.0 0.6293178512936547 
1.0 0.48044294366089435 
1.0 0.334472114517844 
1.0 0.3365273560292622 
1.0 0.5524521350860596 
1.0 0.603784651983352 
1.0 0.48443132391723065 
1.0 0.334472114517844 
1.0 0.3365273560292622 
1.0 0.5524521350860596 
1.0 0.603784651983352 
1.0 0.48443132391723065 
1.0 0.334472114517844 
1.0 0.3365273560292622 
1.0 0.5524521350860596 
1.0 0.603784651983352 
1.0 0.48443132391723065 
1.0 0.334472114517844 
1.0 0.3365273560292622 
1.0 0.5524521350860596 
1.0 0.603784651983352 
1.0 0.48443132391723065 
1.0 0.3330617599938748 
1.0 0.33383621125531615 
1.0 0.5776032447814942 
1.0 0.6094499769664946 
1.0 0.47840051607052847 
1.0 0.3330617599938748 
1.0 0.33383621125531615 
1.0 0.5776032447814942 
1.0 0.6094499769664946 
1.0 0.47840051607052847 
1.0 0.3330617599938748 
1.0 0.33383621125531615 
1.0 0.5776032447814942 
1.0 0.6094499769664946 
1.0 0.47840051607052847 
1.0 0.3330617599938748 
1.0 0.33383621125531615 
1.0 0.5776032447814942 
1.0 0.6094499769664946 
1.0 0.47840051607052847 
1.0 0.3330617599938748 
1.0 0.33383621125531615 
1.0 0.5776032447814942 
1.0 0.6094499769664946 
1.0 0.47840051607052847 
1.0 0.3330617599938748 
1.0 0.33383621125531615 
1.0 0.5776032447814942 
1.0 0.6094499769664946 
1.0 0.47840051607052847 
1.0 0.334911098141642 
1.0 0.33675253602879995 
1.0 0.5605772972106934 
1.0 0.602034432547433 
1.0 0.48351530435447865 
1.0 0.334911098141642 
1.0 0.33675253602879995 
1.0 0.5605772972106934 
1.0 0.602034432547433 
1.0 0.48351530435447865 
1.0 0.334911098141642 
1.0 0.33675253602879995 
1.0 0.5605772972106934 
1.0 0.602034432547433 
1.0 0.48351530435447865 
