0.2 0.5262558460235596 
0.2 0.5285888016223907 
0.2 0.5285888016223907 
0.2 0.5285888016223907 
0.2 0.5285888016223907 
0.2 0.5285888016223907 
0.2 0.5266873836517334 
0.2 0.5266873836517334 
0.2 0.5266873836517334 
0.2 0.5266873836517334 
0.2 0.5278252065181732 
0.2 0.5278252065181732 
0.2 0.5189850330352783 
0.2 0.5189850330352783 
0.2 0.5183522701263428 
0.2 0.5183522701263428 
0.2 0.5166568160057068 
0.2 0.5166568160057068 
0.2 0.5166568160057068 
0.2 0.5166568160057068 
0.2 0.5201615691184998 
0.2 0.5201615691184998 
0.2 0.5201615691184998 
0.2 0.5201615691184998 
0.2 0.5167941153049469 
0.2 0.5167941153049469 
0.2 0.5154404640197754 
0.2 0.5154404640197754 
0.2 0.5154404640197754 
0.2 0.5154404640197754 
0.2 0.5146739482879639 
0.2 0.5146739482879639 
0.2 0.5146739482879639 
0.2 0.5146739482879639 
0.2 0.5146739482879639 
0.2 0.5146739482879639 
0.2 0.5132262110710144 
0.2 0.5132262110710144 
0.2 0.5132262110710144 
