# PLDDT for structure 
0 0.5847126245498657 
1 0.613383948802948 
2 0.6616335511207581 
3 0.7352664470672607 
4 0.777402400970459 
5 0.7690592408180237 
6 0.775627613067627 
7 0.7931742072105408 
8 0.8201236128807068 
9 0.795156717300415 
10 0.8002461194992065 
11 0.8307124376296997 
12 0.8194290995597839 
13 0.8063828945159912 
14 0.8206155300140381 
15 0.8441696166992188 
16 0.8043117523193359 
17 0.815860390663147 
18 0.8315868973731995 
19 0.809198796749115 
20 0.7828636765480042 
21 0.7742230296134949 
22 0.7635155320167542 
23 0.7394025325775146 
24 0.7180074453353882 
25 0.7026956677436829 
26 0.6521573066711426 
27 0.5754878520965576 
28 0.5228722095489502 
29 0.48349642753601074 
30 0.4194466769695282 
31 0.3500184416770935 
32 0.32187923789024353 
33 0.41891130805015564 
34 0.3852514326572418 
35 0.3850058615207672 
36 0.5020769238471985 
37 0.549607515335083 
38 0.6474723219871521 
39 0.6435064077377319 
40 0.681242823600769 
41 0.7840604782104492 
42 0.7872203588485718 
43 0.8024559020996094 
44 0.8064789175987244 
45 0.8360034823417664 
46 0.8540874123573303 
47 0.8423862457275391 
48 0.8590365648269653 
49 0.8595892786979675 
50 0.8515421748161316 
51 0.8603963851928711 
52 0.8592461943626404 
53 0.8517240881919861 
54 0.848209798336029 
55 0.8502593040466309 
56 0.8350793123245239 
57 0.8137879967689514 
58 0.813523530960083 
59 0.8243959546089172 
60 0.7878502607345581 
61 0.7747621536254883 
62 0.8139170408248901 
63 0.7868475317955017 
64 0.8375393748283386 
65 0.8343263268470764 
66 0.8685319423675537 
67 0.8490808606147766 
68 0.8342253565788269 
69 0.8506177067756653 
70 0.8538523316383362 
71 0.8425306677818298 
72 0.8425787091255188 
73 0.8594726324081421 
74 0.862318217754364 
75 0.8453148007392883 
76 0.853545069694519 
77 0.853931725025177 
78 0.8384026288986206 
79 0.8382877707481384 
80 0.8380516767501831 
81 0.8172986507415771 
82 0.8317963480949402 
83 0.8288136124610901 
84 0.8082736134529114 
85 0.7898593544960022 
86 0.795204222202301 
87 0.7901707291603088 
88 0.7530977129936218 
89 0.7608184218406677 
90 0.7219316959381104 
91 0.7123420238494873 
92 0.6786075830459595 
93 0.6618102788925171 
94 0.636367678642273 
95 0.6061848402023315 
96 0.578453004360199 
97 0.4681740403175354 
98 0.3854508399963379 
99 0.4543655514717102 
100 0.4502013921737671 
101 0.30952805280685425 
102 0.32438963651657104 
103 0.3641788065433502 
104 0.32655423879623413 
105 0.2952768802642822 
106 0.32956627011299133 
107 0.36155641078948975 
108 0.3483723998069763 
109 0.30553627014160156 
110 0.33238035440444946 
111 0.35355788469314575 
112 0.3151089549064636 
113 0.2865903377532959 
114 0.30488550662994385 
115 0.29069745540618896 
116 0.32627201080322266 
117 0.3462189733982086 
118 0.3752569556236267 
119 0.41765207052230835 
120 0.4581618309020996 
121 0.4523780643939972 
122 0.5509109497070312 
123 0.4894670844078064 
124 0.5127167701721191 
125 0.461637407541275 
126 0.46337705850601196 
127 0.5203291177749634 
128 0.4948689341545105 
129 0.5111067891120911 
130 0.5272332429885864 
131 0.5191588401794434 
132 0.5028649568557739 
133 0.4534912407398224 
134 0.5088232159614563 
135 0.5503484010696411 
136 0.5215742588043213 
137 0.5404284596443176 
138 0.5880064368247986 
139 0.5901629328727722 
140 0.5933788418769836 
141 0.6130193471908569 
142 0.6297963261604309 
143 0.6482409238815308 
144 0.6754487752914429 
145 0.6898390650749207 
146 0.6991420984268188 
147 0.7315831184387207 
148 0.7496774196624756 
149 0.7554539442062378 
150 0.7669775485992432 
151 0.7710483074188232 
152 0.7928181290626526 
153 0.7908482551574707 
154 0.7668846845626831 
155 0.7779218554496765 
156 0.8004247546195984 
157 0.8025280833244324 
158 0.7759227156639099 
159 0.7869996428489685 
160 0.7984051704406738 
161 0.7891502976417542 
162 0.762800931930542 
163 0.7717498540878296 
164 0.772240936756134 
165 0.742504894733429 
166 0.7358375787734985 
167 0.7296150326728821 
168 0.6872575283050537 
169 0.5353747606277466 
170 0.5876702666282654 
171 0.655249834060669 
172 0.7238668203353882 
173 0.7751547694206238 
174 0.7769561409950256 
175 0.7793908715248108 
176 0.7956127524375916 
177 0.8303108811378479 
178 0.8093089461326599 
179 0.805217981338501 
180 0.8383471965789795 
181 0.8398110866546631 
182 0.8226878643035889 
183 0.8266764879226685 
184 0.8516904711723328 
185 0.8181472420692444 
186 0.8253862261772156 
187 0.8360956311225891 
188 0.8213492035865784 
189 0.7939783334732056 
190 0.7792220115661621 
191 0.7662855982780457 
192 0.7472392916679382 
193 0.7300939559936523 
194 0.7043175101280212 
195 0.6544363498687744 
196 0.5831781625747681 
197 0.5210785865783691 
198 0.4765591621398926 
199 0.42343777418136597 
200 0.3587445318698883 
201 0.3258393704891205 
202 0.4113278388977051 
203 0.369831919670105 
204 0.38166797161102295 
205 0.48098593950271606 
206 0.5340931415557861 
207 0.6297470331192017 
208 0.6299483776092529 
209 0.6540572047233582 
210 0.7707064747810364 
211 0.7838606238365173 
212 0.803123950958252 
213 0.790700376033783 
214 0.8342663645744324 
215 0.8578428626060486 
216 0.8502073287963867 
217 0.8590457439422607 
218 0.8702098727226257 
219 0.8714631199836731 
220 0.8709194660186768 
221 0.8649343848228455 
222 0.8631759881973267 
223 0.8601965308189392 
224 0.8575076460838318 
225 0.843533456325531 
226 0.8317025899887085 
227 0.8223749995231628 
228 0.8229765295982361 
229 0.7856990098953247 
230 0.7667723298072815 
231 0.7975665330886841 
232 0.7632689476013184 
233 0.8088507056236267 
234 0.7957388758659363 
235 0.8536282777786255 
236 0.8465498685836792 
237 0.8197859525680542 
238 0.8240926265716553 
239 0.8412004709243774 
240 0.8385754823684692 
241 0.8250844478607178 
242 0.8346766233444214 
243 0.8589380383491516 
244 0.8433718681335449 
245 0.8358373641967773 
246 0.838648796081543 
247 0.8412623405456543 
248 0.8246783018112183 
249 0.8201149106025696 
250 0.8121771216392517 
251 0.8262475728988647 
252 0.8053504824638367 
253 0.7949564456939697 
254 0.7807961106300354 
255 0.7727335095405579 
256 0.7607282400131226 
257 0.7352446913719177 
258 0.7379524111747742 
259 0.6923009157180786 
260 0.6861060261726379 
261 0.6687540411949158 
262 0.6281369924545288 
263 0.5904563665390015 
264 0.5555143356323242 
265 0.4238269031047821 
266 0.4146363139152527 
267 0.4144413471221924 
268 0.39466243982315063 
269 0.3651473820209503 
270 0.3429088592529297 
271 0.3873697519302368 
272 0.3674885332584381 
273 0.34631165862083435 
274 0.3296769857406616 
275 0.34574365615844727 
276 0.35632002353668213 
277 0.3568286895751953 
278 0.3206748366355896 
279 0.33106204867362976 
280 0.3616347014904022 
281 0.3099033236503601 
282 0.2915922999382019 
283 0.33360540866851807 
284 0.32929372787475586 
285 0.3622813820838928 
286 0.3938097357749939 
287 0.4057372212409973 
288 0.4729050397872925 
289 0.4984428882598877 
290 0.49596020579338074 
291 0.5779657363891602 
292 0.5430901646614075 
293 0.5325723886489868 
294 0.47695666551589966 
295 0.47527965903282166 
296 0.518858790397644 
297 0.5064141154289246 
298 0.529271125793457 
299 0.5527049899101257 
300 0.5409361124038696 
301 0.5292769074440002 
302 0.46665096282958984 
303 0.518025815486908 
304 0.5529052019119263 
305 0.5193554759025574 
306 0.5481641888618469 
307 0.5983856320381165 
308 0.5994676351547241 
309 0.5911620259284973 
310 0.6139520406723022 
311 0.6361714601516724 
312 0.6408030390739441 
313 0.6682456135749817 
314 0.6908294558525085 
315 0.6925175786018372 
316 0.7141100168228149 
317 0.7422770261764526 
318 0.7531179189682007 
319 0.747532844543457 
320 0.7572017908096313 
321 0.7921406626701355 
322 0.7864472270011902 
323 0.7486329078674316 
324 0.7677658200263977 
325 0.7986096739768982 
326 0.7946310639381409 
327 0.7651377320289612 
328 0.7910079956054688 
329 0.7969200611114502 
330 0.7779887318611145 
331 0.7553057074546814 
332 0.7722930908203125 
333 0.759922444820404 
334 0.7358473539352417 
335 0.7292780876159668 
336 0.7164543271064758 
337 0.6630488634109497 
338 0.2976560890674591 
339 0.30470335483551025 
340 0.41465723514556885 
341 0.42330074310302734 
342 0.3620831370353699 
343 0.39016246795654297 
344 0.42521366477012634 
345 0.45863667130470276 
346 0.40267252922058105 
347 0.44505545496940613 
348 0.4538232684135437 
349 0.43430155515670776 
350 0.39798611402511597 
351 0.4574800133705139 
352 0.4480595588684082 
353 0.40796196460723877 
354 0.4122854769229889 
355 0.4252007305622101 
356 0.34150946140289307 
357 0.32272660732269287 
358 0.3318015933036804 
359 0.3038959801197052 
360 0.2680252194404602 
361 0.2549227178096771 
362 0.2911906838417053 
363 0.2858584225177765 
364 0.2633647918701172 
365 0.33068209886550903 
366 0.29823026061058044 
367 0.27373379468917847 
368 0.34384778141975403 
369 0.34012603759765625 
370 0.32426756620407104 
371 0.3630880117416382 
372 0.40214014053344727 
373 0.4560205638408661 
374 0.4560176134109497 
375 0.5342797636985779 
376 0.5395275950431824 
377 0.5983847975730896 
378 0.5890135765075684 
379 0.6246901750564575 
380 0.6245876550674438 
381 0.5580734610557556 
382 0.5887675285339355 
383 0.594338595867157 
384 0.5889387726783752 
385 0.5762414336204529 
386 0.577252209186554 
387 0.5778487920761108 
388 0.555983304977417 
389 0.5209658741950989 
390 0.48917728662490845 
391 0.47492778301239014 
392 0.41373753547668457 
393 0.36948394775390625 
394 0.31964996457099915 
395 0.29725441336631775 
396 0.28139570355415344 
397 0.28938767313957214 
398 0.32050180435180664 
399 0.31817975640296936 
400 0.3290216326713562 
401 0.3169478178024292 
402 0.33505818247795105 
403 0.3606811761856079 
404 0.3790505826473236 
405 0.43861114978790283 
406 0.4391390085220337 
407 0.4460344910621643 
408 0.46528106927871704 
409 0.46287837624549866 
410 0.45419999957084656 
411 0.4823750853538513 
412 0.4900268316268921 
413 0.48053762316703796 
414 0.520336925983429 
415 0.47919031977653503 
416 0.47683823108673096 
417 0.4371296465396881 
418 0.416940838098526 
419 0.33567216992378235 
420 0.4334644675254822 
421 0.4380344748497009 
422 0.5180562734603882 
423 0.5087950825691223 
424 0.5204299688339233 
425 0.5559419989585876 
426 0.46724820137023926 
427 0.46678733825683594 
428 0.42344731092453003 
429 0.4732852876186371 
430 0.4658389091491699 
431 0.49727022647857666 
432 0.5309649705886841 
433 0.5277310609817505 
434 0.5262319445610046 
435 0.4928588271141052 
436 0.4520622491836548 
437 0.4449792504310608 
438 0.38643792271614075 
439 0.39208200573921204 
440 0.3940182328224182 
441 0.40430277585983276 
442 0.44556230306625366 
443 0.39285561442375183 
444 0.4621853530406952 
445 0.42515814304351807 
446 0.5211367607116699 
447 0.5386046171188354 
448 0.48750975728034973 
449 0.54029381275177 
450 0.5227832198143005 
451 0.5876211524009705 
452 0.5482328534126282 
453 0.5729455947875977 
454 0.5568796396255493 
455 0.5467740893363953 
456 0.5043834447860718 
457 0.4817608594894409 
458 0.47456204891204834 
459 0.4907153248786926 
460 0.4819771647453308 
461 0.4716716706752777 
462 0.5268685817718506 
463 0.5010750889778137 
464 0.5095089673995972 
465 0.5042687654495239 
466 0.477178692817688 
467 0.5017383098602295 
468 0.5335491299629211 
469 0.4673554301261902 
470 0.4839944839477539 
471 0.4668925404548645 
472 0.45770135521888733 
473 0.5028585195541382 
474 0.45043736696243286 
475 0.5002127885818481 
476 0.5293775200843811 
477 0.40530192852020264 
478 0.52719646692276 
479 0.5512787103652954 
480 0.5365923047065735 
481 0.5066615343093872 
482 0.5218480825424194 
483 0.5262985825538635 
484 0.5097472667694092 
485 0.5688909888267517 
486 0.5836752653121948 
487 0.587469756603241 
488 0.5690180659294128 
489 0.6116100549697876 
490 0.6145468950271606 
491 0.6438305974006653 
492 0.6443015933036804 
493 0.634080171585083 
494 0.6465358138084412 
495 0.6777341365814209 
496 0.6810349225997925 
497 0.6622173190116882 
498 0.6692524552345276 
499 0.7332994937896729 
500 0.69411301612854 
501 0.6385366916656494 
502 0.7209592461585999 
503 0.7164663076400757 
504 0.6900514960289001 
505 0.6580628752708435 
506 0.6964759826660156 
507 0.6883580684661865 
508 0.6441850066184998 
509 0.6332746148109436 
510 0.6154342889785767 
511 0.5829293727874756 
512 0.5717692971229553 
513 0.5517258644104004 
514 0.5620474219322205 
515 0.5574560165405273 
516 0.5440994501113892 
517 0.5363941788673401 
518 0.5476664304733276 
519 0.5685796141624451 
520 0.5473289489746094 
521 0.5472546815872192 
522 0.5516893267631531 
523 0.5400740504264832 
524 0.5110980272293091 
525 0.5866191387176514 
526 0.5863959193229675 
527 0.5823102593421936 
528 0.6230429410934448 
529 0.6012006998062134 
530 0.6303389072418213 
531 0.6073212623596191 
532 0.580791175365448 
533 0.5672253966331482 
534 0.5995398163795471 
535 0.527655839920044 
536 0.5409130454063416 
537 0.5385226011276245 
538 0.5646588206291199 
539 0.5006081461906433 
540 0.5056900978088379 
541 0.5172929167747498 
542 0.5338452458381653 
543 0.497100830078125 
544 0.5052606463432312 
545 0.5006952881813049 
546 0.5025202035903931 
547 0.5755724906921387 
548 0.5083732604980469 
549 0.5497472286224365 
550 0.5010506510734558 
551 0.5052230954170227 
552 0.4897688031196594 
553 0.48545151948928833 
554 0.48923006653785706 
555 0.493409663438797 
556 0.498876690864563 
557 0.4979825019836426 
558 0.48455479741096497 
559 0.42740219831466675 
560 0.43978118896484375 
561 0.46433693170547485 
562 0.44226792454719543 
563 0.4420467019081116 
564 0.4590754508972168 
565 0.43153584003448486 
566 0.41520142555236816 
567 0.4132910966873169 
568 0.44174134731292725 
569 0.41881662607192993 
570 0.40120214223861694 
571 0.4320201873779297 
572 0.44441506266593933 
573 0.43958038091659546 
574 0.4417315721511841 
575 0.47053825855255127 
576 0.43440964818000793 
577 0.42256104946136475 
578 0.45466363430023193 
579 0.47349676489830017 
580 0.46804672479629517 
581 0.4818003475666046 
582 0.4878058433532715 
583 0.47343188524246216 
584 0.5308635830879211 
585 0.5315234661102295 
586 0.5415502786636353 
587 0.5884020924568176 
588 0.5620104670524597 
589 0.576427698135376 
590 0.5683839321136475 
591 0.6398032903671265 
592 0.6297387480735779 
593 0.6227331161499023 
594 0.638733983039856 
595 0.5835060477256775 
596 0.5900889039039612 
597 0.5473385453224182 
598 0.5453133583068848 
599 0.4612399935722351 
600 0.4492088556289673 
601 0.47461798787117004 
602 0.5191075801849365 
603 0.4691784977912903 
604 0.43586963415145874 
605 0.44886115193367004 
606 0.4626780152320862 
607 0.49633634090423584 
608 0.4495450258255005 
609 0.4309254288673401 
610 0.4581548571586609 
611 0.46692413091659546 
612 0.4459707736968994 
613 0.418819785118103 
614 0.4726957082748413 
615 0.4716336131095886 
616 0.4284065067768097 
617 0.41644740104675293 
618 0.43577149510383606 
619 0.4645751118659973 
620 0.4799758791923523 
621 0.45245611667633057 
622 0.50156170129776 
623 0.5658528804779053 
624 0.5410531759262085 
625 0.5578706860542297 
626 0.5147379040718079 
627 0.5447802543640137 
628 0.5083521008491516 
629 0.4913949966430664 
630 0.4631528854370117 
631 0.4853411614894867 
632 0.487412691116333 
633 0.4745519161224365 
634 0.41268256306648254 
635 0.4366534352302551 
636 0.44554540514945984 
637 0.41892537474632263 
638 0.40319395065307617 
639 0.4051259756088257 
640 0.43826818466186523 
641 0.43354183435440063 
642 0.4250923991203308 
643 0.41808855533599854 
644 0.47100138664245605 
645 0.41906309127807617 
646 0.3891063332557678 
647 0.44980138540267944 
648 0.4516289234161377 
649 0.44272464513778687 
650 0.4461565613746643 
651 0.4662727117538452 
652 0.513726532459259 
653 0.5430059432983398 
654 0.5504467487335205 
655 0.5697735548019409 
