1.0 27.58883501996019 
1.0 27.6236073605139 
1.0 25.081225675360557 
1.0 25.081225675360557 
1.0 24.9326427480155 
1.0 24.9326427480155 
1.0 24.625922280530098 
1.0 24.625922280530098 
1.0 23.743709620187076 
1.0 23.706003050983885 
1.0 23.99637996450007 
1.0 23.99637996450007 
1.0 23.51383139057478 
1.0 23.51383139057478 
1.0 23.456967223074777 
1.0 23.456967223074777 
1.0 23.353172960842166 
1.0 23.2154450336257 
1.0 22.684574016783042 
1.0 22.684574016783042 
1.0 22.412275602251174 
1.0 22.412275602251174 
1.0 22.153709617083745 
1.0 22.173124227383756 
1.0 22.09767429431948 
1.0 22.09767429431948 
1.0 22.09767429431948 
1.0 22.09767429431948 
1.0 22.05066980740656 
1.0 22.05066980740656 
1.0 21.96946423449662 
1.0 21.96946423449662 
1.0 21.96946423449662 
1.0 21.96946423449662 
1.0 21.94525170941473 
1.0 21.94525170941473 
1.0 21.697509382648523 
1.0 21.697509382648523 
1.0 21.697509382648523 
1.0 21.697509382648523 
1.0 21.697509382648523 
1.0 21.697509382648523 
1.0 21.616806103618448 
1.0 21.616806103618448 
1.0 21.68055764271245 
1.0 21.68055764271245 
1.0 21.68055764271245 
1.0 21.68055764271245 
1.0 21.63572776414091 
1.0 21.63572776414091 
1.0 21.63572776414091 
1.0 21.63572776414091 
1.0 21.63572776414091 
1.0 21.63572776414091 
1.0 21.63572776414091 
1.0 21.63572776414091 
1.0 21.63572776414091 
1.0 21.63572776414091 
1.0 21.337466897554403 
1.0 21.337466897554403 
1.0 21.337466897554403 
1.0 21.337466897554403 
1.0 21.337466897554403 
1.0 21.337466897554403 
1.0 21.337466897554403 
1.0 21.337466897554403 
1.0 21.337466897554403 
1.0 21.337466897554403 
1.0 21.337466897554403 
1.0 21.337466897554403 
1.0 21.337466897554403 
1.0 21.337466897554403 
1.0 21.337466897554403 
1.0 21.337466897554403 
1.0 21.337466897554403 
1.0 21.337466897554403 
1.0 21.337466897554403 
1.0 21.337466897554403 
1.0 21.337466897554403 
1.0 21.337466897554403 
1.0 21.30253619938496 
1.0 21.30253619938496 
1.0 21.30253619938496 
1.0 21.30253619938496 
1.0 21.270715440656435 
1.0 21.270715440656435 
1.0 21.270715440656435 
1.0 21.270715440656435 
1.0 21.270715440656435 
1.0 21.270715440656435 
1.0 21.270715440656435 
1.0 21.270715440656435 
1.0 21.270715440656435 
1.0 21.270715440656435 
1.0 21.270715440656435 
1.0 21.270715440656435 
1.0 21.270715440656435 
1.0 21.270715440656435 
1.0 21.270715440656435 
1.0 21.270715440656435 
1.0 21.223309139439845 
1.0 21.223309139439845 
1.0 21.144171289069828 
1.0 21.144171289069828 
1.0 21.102571598011444 
1.0 21.102571598011444 
1.0 21.102571598011444 
1.0 21.102571598011444 
1.0 21.102571598011444 
1.0 21.102571598011444 
1.0 21.102571598011444 
1.0 21.102571598011444 
1.0 21.12355954476462 
1.0 21.12355954476462 
1.0 21.155653121456734 
1.0 21.152466233206546 
1.0 21.152466233206546 
1.0 21.152466233206546 
1.0 21.152466233206546 
1.0 21.152466233206546 
1.0 21.071861605606106 
1.0 21.071861605606106 
1.0 21.071861605606106 
1.0 21.071861605606106 
