2.0 0.7293666042272096 
2.0 0.9585934073464912 
2.0 0.9323799189814815 
2.0 0.6018868605791113 
2.0 0.9326670435855263 
2.0 0.906505443431713 
2.0 0.7160468675233127 
2.0 0.921442656935307 
2.0 0.8809004267939815 
2.0 0.7160468675233127 
2.0 0.921442656935307 
2.0 0.8809004267939815 
2.0 0.7168162004131508 
2.0 0.9228011067708334 
2.0 0.8760689742476852 
2.0 0.7168162004131508 
2.0 0.9228011067708334 
2.0 0.8760689742476852 
2.0 0.708976474329797 
2.0 0.915278748629386 
2.0 0.8723291015625 
2.0 0.708976474329797 
2.0 0.915278748629386 
2.0 0.8723291015625 
2.0 0.7022290010853961 
2.0 0.9028872841282894 
2.0 0.8677247902199074 
2.0 0.6975693836583686 
2.0 0.8993143503289474 
2.0 0.8621742078993055 
2.0 0.6024439649638785 
2.0 0.873322539747807 
2.0 0.8549222366898148 
2.0 0.6024439649638785 
2.0 0.873322539747807 
2.0 0.8549222366898148 
2.0 0.6183323267159179 
2.0 0.8647996333607456 
2.0 0.8515552662037037 
2.0 0.6183323267159179 
2.0 0.8647996333607456 
2.0 0.8515552662037037 
2.0 0.6012711097884061 
2.0 0.8827333470394737 
2.0 0.8781954390914352 
2.0 0.6012711097884061 
2.0 0.8827333470394737 
2.0 0.8781954390914352 
2.0 0.6047075776408389 
2.0 0.8861695620888158 
2.0 0.8814201750578704 
2.0 0.6270405156215352 
2.0 0.8941900527686404 
2.0 0.8777782298900463 
2.0 0.6306070778334092 
2.0 0.880323122258772 
2.0 0.8718165870949074 
2.0 0.6306070778334092 
2.0 0.880323122258772 
2.0 0.8718165870949074 
2.0 0.6173484676073433 
2.0 0.8712727007949561 
2.0 0.8599823676215278 
2.0 0.6173484676073433 
2.0 0.8712727007949561 
2.0 0.8599823676215278 
2.0 0.6245445420911967 
2.0 0.8614340049342105 
2.0 0.8495765516493055 
2.0 0.6289220878120514 
2.0 0.855014220120614 
2.0 0.8449642831307871 
2.0 0.6119601467035468 
2.0 0.851592225191886 
2.0 0.8388035300925926 
2.0 0.6119601467035468 
2.0 0.851592225191886 
2.0 0.8388035300925926 
2.0 0.6119601467035468 
2.0 0.851592225191886 
2.0 0.8388035300925926 
2.0 0.6119601467035468 
2.0 0.851592225191886 
2.0 0.8388035300925926 
2.0 0.6156963750102121 
2.0 0.8496877569901317 
2.0 0.8375470196759259 
2.0 0.6156963750102121 
2.0 0.8496877569901317 
2.0 0.8375470196759259 
2.0 0.6131723183128508 
2.0 0.8476117050438597 
2.0 0.836858814380787 
2.0 0.6131723183128508 
2.0 0.8476117050438597 
2.0 0.836858814380787 
2.0 0.6131723183128508 
2.0 0.8476117050438597 
2.0 0.836858814380787 
2.0 0.6131723183128508 
2.0 0.8476117050438597 
2.0 0.836858814380787 
2.0 0.598276860637466 
2.0 0.8234217379385965 
2.0 0.8101350911458333 
2.0 0.598276860637466 
2.0 0.8234217379385965 
2.0 0.8101350911458333 
2.0 0.603625719220849 
2.0 0.8240636136239036 
2.0 0.8172999855324075 
2.0 0.603625719220849 
2.0 0.8240636136239036 
2.0 0.8172999855324075 
2.0 0.603625719220849 
2.0 0.8240636136239036 
2.0 0.8172999855324075 
2.0 0.603625719220849 
2.0 0.8240636136239036 
2.0 0.8172999855324075 
2.0 0.603625719220849 
2.0 0.8240636136239036 
2.0 0.8172999855324075 
2.0 0.603625719220849 
2.0 0.8240636136239036 
2.0 0.8172999855324075 
2.0 0.5864264571151804 
2.0 0.8186012027138159 
2.0 0.81358642578125 
2.0 0.5864264571151804 
2.0 0.8186012027138159 
2.0 0.81358642578125 
2.0 0.5977433534073271 
2.0 0.8039065926535087 
2.0 0.7948545102719907 
2.0 0.5977433534073271 
2.0 0.8039065926535087 
2.0 0.7948545102719907 
2.0 0.5977433534073271 
2.0 0.8039065926535087 
2.0 0.7948545102719907 
2.0 0.5977433534073271 
2.0 0.8039065926535087 
2.0 0.7948545102719907 
2.0 0.6063110900061855 
2.0 0.8040198396381579 
2.0 0.7944864004629629 
2.0 0.6063110900061855 
2.0 0.8040198396381579 
2.0 0.7944864004629629 
2.0 0.6063110900061855 
2.0 0.8040198396381579 
2.0 0.7944864004629629 
2.0 0.6063110900061855 
2.0 0.8040198396381579 
2.0 0.7944864004629629 
2.0 0.6063110900061855 
2.0 0.8040198396381579 
2.0 0.7944864004629629 
2.0 0.6063110900061855 
2.0 0.8040198396381579 
2.0 0.7944864004629629 
2.0 0.6063110900061855 
2.0 0.8040198396381579 
2.0 0.7944864004629629 
2.0 0.6063110900061855 
2.0 0.8040198396381579 
2.0 0.7944864004629629 
2.0 0.6063110900061855 
2.0 0.8040198396381579 
2.0 0.7944864004629629 
2.0 0.6063110900061855 
2.0 0.8040198396381579 
2.0 0.7944864004629629 
2.0 0.6197199269399998 
2.0 0.813046875 
2.0 0.7976120334201389 
2.0 0.6197199269399998 
2.0 0.813046875 
2.0 0.7976120334201389 
2.0 0.6197199269399998 
2.0 0.813046875 
2.0 0.7976120334201389 
2.0 0.6197199269399998 
2.0 0.813046875 
2.0 0.7976120334201389 
2.0 0.6197199269399998 
2.0 0.813046875 
2.0 0.7976120334201389 
2.0 0.6197199269399998 
2.0 0.813046875 
2.0 0.7976120334201389 
2.0 0.6197199269399998 
2.0 0.813046875 
2.0 0.7976120334201389 
2.0 0.6197199269399998 
2.0 0.813046875 
2.0 0.7976120334201389 
2.0 0.6197199269399998 
2.0 0.813046875 
2.0 0.7976120334201389 
2.0 0.6197199269399998 
2.0 0.813046875 
2.0 0.7976120334201389 
2.0 0.6197199269399998 
2.0 0.813046875 
2.0 0.7976120334201389 
2.0 0.6197199269399998 
2.0 0.813046875 
2.0 0.7976120334201389 
2.0 0.6197199269399998 
2.0 0.813046875 
2.0 0.7976120334201389 
2.0 0.6197199269399998 
2.0 0.813046875 
2.0 0.7976120334201389 
2.0 0.6197199269399998 
2.0 0.813046875 
2.0 0.7976120334201389 
2.0 0.6197199269399998 
2.0 0.813046875 
2.0 0.7976120334201389 
2.0 0.6197199269399998 
2.0 0.813046875 
2.0 0.7976120334201389 
2.0 0.6197199269399998 
2.0 0.813046875 
2.0 0.7976120334201389 
2.0 0.6197199269399998 
2.0 0.813046875 
2.0 0.7976120334201389 
2.0 0.6197199269399998 
2.0 0.813046875 
2.0 0.7976120334201389 
2.0 0.6197199269399998 
2.0 0.813046875 
2.0 0.7976120334201389 
2.0 0.6197199269399998 
2.0 0.813046875 
2.0 0.7976120334201389 
2.0 0.615524010013655 
2.0 0.8133498663651315 
2.0 0.7987513563368055 
2.0 0.615524010013655 
2.0 0.8133498663651315 
2.0 0.7987513563368055 
2.0 0.615524010013655 
2.0 0.8133498663651315 
2.0 0.7987513563368055 
2.0 0.615524010013655 
2.0 0.8133498663651315 
2.0 0.7987513563368055 
2.0 0.6142248900015173 
2.0 0.8091123560855263 
2.0 0.7904261610243055 
2.0 0.6142248900015173 
2.0 0.8091123560855263 
2.0 0.7904261610243055 
2.0 0.6142248900015173 
2.0 0.8091123560855263 
2.0 0.7904261610243055 
2.0 0.6142248900015173 
2.0 0.8091123560855263 
2.0 0.7904261610243055 
2.0 0.6142248900015173 
2.0 0.8091123560855263 
2.0 0.7904261610243055 
2.0 0.6142248900015173 
2.0 0.8091123560855263 
2.0 0.7904261610243055 
2.0 0.6142248900015173 
2.0 0.8091123560855263 
2.0 0.7904261610243055 
2.0 0.6142248900015173 
2.0 0.8091123560855263 
2.0 0.7904261610243055 
2.0 0.6142248900015173 
2.0 0.8091123560855263 
2.0 0.7904261610243055 
2.0 0.6142248900015173 
2.0 0.8091123560855263 
2.0 0.7904261610243055 
2.0 0.6142248900015173 
2.0 0.8091123560855263 
2.0 0.7904261610243055 
2.0 0.6142248900015173 
2.0 0.8091123560855263 
2.0 0.7904261610243055 
2.0 0.6142248900015173 
2.0 0.8091123560855263 
2.0 0.7904261610243055 
2.0 0.6142248900015173 
2.0 0.8091123560855263 
2.0 0.7904261610243055 
2.0 0.6142248900015173 
2.0 0.8091123560855263 
2.0 0.7904261610243055 
2.0 0.6142248900015173 
2.0 0.8091123560855263 
2.0 0.7904261610243055 
2.0 0.6251679154558081 
2.0 0.801084926672149 
2.0 0.7535884602864583 
2.0 0.6251679154558081 
2.0 0.801084926672149 
2.0 0.7535884602864583 
2.0 0.6124345698680018 
2.0 0.7888832065515351 
2.0 0.7484430157696759 
2.0 0.6124345698680018 
2.0 0.7888832065515351 
2.0 0.7484430157696759 
2.0 0.6077697369956702 
2.0 0.7932454427083333 
2.0 0.7566700122974537 
2.0 0.6077697369956702 
2.0 0.7932454427083333 
2.0 0.7566700122974537 
2.0 0.6077697369956702 
2.0 0.7932454427083333 
2.0 0.7566700122974537 
2.0 0.6077697369956702 
2.0 0.7932454427083333 
2.0 0.7566700122974537 
2.0 0.6077697369956702 
2.0 0.7932454427083333 
2.0 0.7566700122974537 
2.0 0.6077697369956702 
2.0 0.7932454427083333 
2.0 0.7566700122974537 
2.0 0.6077697369956702 
2.0 0.7932454427083333 
2.0 0.7566700122974537 
2.0 0.6077697369956702 
2.0 0.7932454427083333 
2.0 0.7566700122974537 
2.0 0.6161281263494509 
2.0 0.786510587993421 
2.0 0.7401892541956019 
2.0 0.6161281263494509 
2.0 0.786510587993421 
2.0 0.7401892541956019 
2.0 0.627540395994538 
2.0 0.7725833504660088 
2.0 0.7274869791666667 
2.0 0.6308447270753825 
2.0 0.7716218647203947 
2.0 0.7250176323784723 
2.0 0.6308447270753825 
2.0 0.7716218647203947 
2.0 0.7250176323784723 
2.0 0.6308447270753825 
2.0 0.7716218647203947 
2.0 0.7250176323784723 
2.0 0.6308447270753825 
2.0 0.7716218647203947 
2.0 0.7250176323784723 
2.0 0.6308447270753825 
2.0 0.7716218647203947 
2.0 0.7250176323784723 
2.0 0.6134751059136584 
2.0 0.7767013603344298 
2.0 0.7325016728153936 
2.0 0.6134751059136584 
2.0 0.7767013603344298 
2.0 0.7325016728153936 
2.0 0.6134751059136584 
2.0 0.7767013603344298 
2.0 0.7325016728153936 
2.0 0.6134751059136584 
2.0 0.7767013603344298 
2.0 0.7325016728153936 
