1.0 0.31880820009129995 
1.0 0.28301126152806033 
1.0 0.5503822326660156 
1.0 0.2944173417853181 
1.0 0.29003215541501015 
1.0 0.5846206665039062 
1.0 0.3666584082609098 
1.0 0.33445342475845974 
1.0 0.6327056169509888 
1.0 0.3666584082609098 
1.0 0.33445342475845974 
1.0 0.6327056169509888 
1.0 0.3644211447450536 
1.0 0.32733497393907174 
1.0 0.6390162467956543 
1.0 0.3644211447450536 
1.0 0.32733497393907174 
1.0 0.6390162467956543 
1.0 0.35184460702027087 
1.0 0.3234055197450536 
1.0 0.654199481010437 
1.0 0.35184460702027087 
1.0 0.3234055197450536 
1.0 0.654199481010437 
1.0 0.3531033216848881 
1.0 0.31346920397154676 
1.0 0.5947045803070068 
1.0 0.3533367630998059 
1.0 0.3111794375808987 
1.0 0.5874522686004638 
1.0 0.3042191725510818 
1.0 0.2900750876883783 
1.0 0.5887327671051026 
1.0 0.3042191725510818 
1.0 0.2900750876883783 
1.0 0.5887327671051026 
1.0 0.3088327893138637 
1.0 0.2957428249381703 
1.0 0.6157795190811157 
1.0 0.3088327893138637 
1.0 0.2957428249381703 
1.0 0.6157795190811157 
1.0 0.2872357791697485 
1.0 0.27768418351574053 
1.0 0.5928525924682617 
1.0 0.2872357791697485 
1.0 0.27768418351574053 
1.0 0.5928525924682617 
1.0 0.29093838302341435 
1.0 0.28333937063725034 
1.0 0.603110408782959 
1.0 0.2940659381934172 
1.0 0.2909519714716624 
1.0 0.5755545616149902 
1.0 0.29787282548712557 
1.0 0.29202523316151996 
1.0 0.5932728290557862 
1.0 0.29787282548712557 
1.0 0.29202523316151996 
1.0 0.5932728290557862 
1.0 0.29075342663646453 
1.0 0.2823641624676405 
1.0 0.5717898845672608 
1.0 0.29075342663646453 
1.0 0.2823641624676405 
1.0 0.5717898845672608 
1.0 0.29400002744776255 
1.0 0.2901069595968935 
1.0 0.5700440406799316 
1.0 0.29305470483542895 
1.0 0.28778085200744263 
1.0 0.5544818878173828 
1.0 0.28414790588017746 
1.0 0.2791047858063286 
1.0 0.5542651653289795 
1.0 0.28414790588017746 
1.0 0.2791047858063286 
1.0 0.5542651653289795 
1.0 0.28414790588017746 
1.0 0.2791047858063286 
1.0 0.5542651653289795 
1.0 0.28414790588017746 
1.0 0.2791047858063286 
1.0 0.5542651653289795 
1.0 0.2887907310350407 
1.0 0.28677097297984466 
1.0 0.552276611328125 
1.0 0.2887907310350407 
1.0 0.28677097297984466 
1.0 0.552276611328125 
1.0 0.28886232996833394 
1.0 0.2819967777771357 
1.0 0.556697940826416 
1.0 0.28886232996833394 
1.0 0.2819967777771357 
1.0 0.556697940826416 
1.0 0.28886232996833394 
1.0 0.2819967777771357 
1.0 0.556697940826416 
1.0 0.28886232996833394 
1.0 0.2819967777771357 
1.0 0.556697940826416 
1.0 0.2866221320699658 
1.0 0.27842427992961816 
1.0 0.49166240692138674 
1.0 0.2866221320699658 
1.0 0.27842427992961816 
1.0 0.49166240692138674 
1.0 0.27230392546343385 
1.0 0.26330214280348563 
1.0 0.4750738620758057 
1.0 0.27230392546343385 
1.0 0.26330214280348563 
1.0 0.4750738620758057 
1.0 0.27230392546343385 
1.0 0.26330214280348563 
1.0 0.4750738620758057 
1.0 0.27230392546343385 
1.0 0.26330214280348563 
1.0 0.4750738620758057 
1.0 0.27230392546343385 
1.0 0.26330214280348563 
1.0 0.4750738620758057 
1.0 0.27230392546343385 
1.0 0.26330214280348563 
1.0 0.4750738620758057 
1.0 0.27799852359929733 
1.0 0.2762884557599852 
1.0 0.47592434883117674 
1.0 0.27799852359929733 
1.0 0.2762884557599852 
1.0 0.47592434883117674 
1.0 0.26828282824634797 
1.0 0.26574670915772924 
1.0 0.4213406085968018 
1.0 0.26828282824634797 
1.0 0.26574670915772924 
1.0 0.4213406085968018 
1.0 0.26828282824634797 
1.0 0.26574670915772924 
1.0 0.4213406085968018 
1.0 0.26828282824634797 
1.0 0.26574670915772924 
1.0 0.4213406085968018 
1.0 0.26814102985449795 
1.0 0.26512182111570826 
1.0 0.4222850799560547 
1.0 0.26814102985449795 
1.0 0.26512182111570826 
1.0 0.4222850799560547 
1.0 0.26814102985449795 
1.0 0.26512182111570826 
1.0 0.4222850799560547 
1.0 0.26814102985449795 
1.0 0.26512182111570826 
1.0 0.4222850799560547 
1.0 0.26814102985449795 
1.0 0.26512182111570826 
1.0 0.4222850799560547 
1.0 0.26814102985449795 
1.0 0.26512182111570826 
1.0 0.4222850799560547 
1.0 0.26814102985449795 
1.0 0.26512182111570826 
1.0 0.4222850799560547 
1.0 0.26814102985449795 
1.0 0.26512182111570826 
1.0 0.4222850799560547 
1.0 0.26814102985449795 
1.0 0.26512182111570826 
1.0 0.4222850799560547 
1.0 0.26814102985449795 
1.0 0.26512182111570826 
1.0 0.4222850799560547 
1.0 0.2807532767572346 
1.0 0.2763347738593288 
1.0 0.4731839179992676 
1.0 0.2807532767572346 
1.0 0.2763347738593288 
1.0 0.4731839179992676 
1.0 0.2807532767572346 
1.0 0.2763347738593288 
1.0 0.4731839179992676 
1.0 0.2807532767572346 
1.0 0.2763347738593288 
1.0 0.4731839179992676 
1.0 0.2807532767572346 
1.0 0.2763347738593288 
1.0 0.4731839179992676 
1.0 0.2807532767572346 
1.0 0.2763347738593288 
1.0 0.4731839179992676 
1.0 0.2807532767572346 
1.0 0.2763347738593288 
1.0 0.4731839179992676 
1.0 0.2807532767572346 
1.0 0.2763347738593288 
1.0 0.4731839179992676 
1.0 0.2807532767572346 
1.0 0.2763347738593288 
1.0 0.4731839179992676 
1.0 0.2807532767572346 
1.0 0.2763347738593288 
1.0 0.4731839179992676 
1.0 0.2807532767572346 
1.0 0.2763347738593288 
1.0 0.4731839179992676 
1.0 0.2807532767572346 
1.0 0.2763347738593288 
1.0 0.4731839179992676 
1.0 0.2807532767572346 
1.0 0.2763347738593288 
1.0 0.4731839179992676 
1.0 0.2807532767572346 
1.0 0.2763347738593288 
1.0 0.4731839179992676 
1.0 0.2807532767572346 
1.0 0.2763347738593288 
1.0 0.4731839179992676 
1.0 0.2807532767572346 
1.0 0.2763347738593288 
1.0 0.4731839179992676 
1.0 0.2807532767572346 
1.0 0.2763347738593288 
1.0 0.4731839179992676 
1.0 0.2807532767572346 
1.0 0.2763347738593288 
1.0 0.4731839179992676 
1.0 0.2807532767572346 
1.0 0.2763347738593288 
1.0 0.4731839179992676 
1.0 0.2807532767572346 
1.0 0.2763347738593288 
1.0 0.4731839179992676 
1.0 0.2807532767572346 
1.0 0.2763347738593288 
1.0 0.4731839179992676 
1.0 0.2807532767572346 
1.0 0.2763347738593288 
1.0 0.4731839179992676 
1.0 0.2738108437442215 
1.0 0.2724270792402459 
1.0 0.45565695762634273 
1.0 0.2738108437442215 
1.0 0.2724270792402459 
1.0 0.45565695762634273 
1.0 0.2738108437442215 
1.0 0.2724270792402459 
1.0 0.45565695762634273 
1.0 0.2738108437442215 
1.0 0.2724270792402459 
1.0 0.45565695762634273 
1.0 0.27554908165564906 
1.0 0.2741221140122273 
1.0 0.4556445121765137 
1.0 0.27554908165564906 
1.0 0.2741221140122273 
1.0 0.4556445121765137 
1.0 0.27554908165564906 
1.0 0.2741221140122273 
1.0 0.4556445121765137 
1.0 0.27554908165564906 
1.0 0.2741221140122273 
1.0 0.4556445121765137 
1.0 0.27554908165564906 
1.0 0.2741221140122273 
1.0 0.4556445121765137 
1.0 0.27554908165564906 
1.0 0.2741221140122273 
1.0 0.4556445121765137 
1.0 0.27554908165564906 
1.0 0.2741221140122273 
1.0 0.4556445121765137 
1.0 0.27554908165564906 
1.0 0.2741221140122273 
1.0 0.4556445121765137 
1.0 0.27554908165564906 
1.0 0.2741221140122273 
1.0 0.4556445121765137 
1.0 0.27554908165564906 
1.0 0.2741221140122273 
1.0 0.4556445121765137 
1.0 0.27554908165564906 
1.0 0.2741221140122273 
1.0 0.4556445121765137 
1.0 0.27554908165564906 
1.0 0.2741221140122273 
1.0 0.4556445121765137 
1.0 0.27554908165564906 
1.0 0.2741221140122273 
1.0 0.4556445121765137 
1.0 0.27554908165564906 
1.0 0.2741221140122273 
1.0 0.4556445121765137 
1.0 0.27554908165564906 
1.0 0.2741221140122273 
1.0 0.4556445121765137 
1.0 0.27554908165564906 
1.0 0.2741221140122273 
1.0 0.4556445121765137 
1.0 0.2922164194682646 
1.0 0.28489766318417165 
1.0 0.43500037193298335 
1.0 0.2922164194682646 
1.0 0.28489766318417165 
1.0 0.43500037193298335 
1.0 0.2944521932206916 
1.0 0.2895302857167622 
1.0 0.3984986305236816 
1.0 0.2944521932206916 
1.0 0.2895302857167622 
1.0 0.3984986305236816 
1.0 0.28502957496417347 
1.0 0.2795093694382166 
1.0 0.3991573333740235 
1.0 0.28502957496417347 
1.0 0.2795093694382166 
1.0 0.3991573333740235 
1.0 0.28502957496417347 
1.0 0.2795093694382166 
1.0 0.3991573333740235 
1.0 0.28502957496417347 
1.0 0.2795093694382166 
1.0 0.3991573333740235 
1.0 0.28502957496417347 
1.0 0.2795093694382166 
1.0 0.3991573333740235 
1.0 0.28502957496417347 
1.0 0.2795093694382166 
1.0 0.3991573333740235 
1.0 0.28502957496417347 
1.0 0.2795093694382166 
1.0 0.3991573333740235 
1.0 0.28502957496417347 
1.0 0.2795093694382166 
1.0 0.3991573333740235 
1.0 0.2806543654944065 
1.0 0.2732061352250139 
1.0 0.3829367160797119 
1.0 0.2806543654944065 
1.0 0.2732061352250139 
1.0 0.3829367160797119 
1.0 0.28524861533260915 
1.0 0.27557860605815454 
1.0 0.36641454696655273 
1.0 0.28785728138579414 
1.0 0.2789944530238767 
1.0 0.35600562095642085 
1.0 0.28785728138579414 
1.0 0.2789944530238767 
1.0 0.35600562095642085 
1.0 0.28785728138579414 
1.0 0.2789944530238767 
1.0 0.35600562095642085 
1.0 0.28785728138579414 
1.0 0.2789944530238767 
1.0 0.35600562095642085 
1.0 0.28785728138579414 
1.0 0.2789944530238767 
1.0 0.35600562095642085 
1.0 0.280658970217733 
1.0 0.2730712439181536 
1.0 0.37020521163940434 
1.0 0.280658970217733 
1.0 0.2730712439181536 
1.0 0.37020521163940434 
1.0 0.280658970217733 
1.0 0.2730712439181536 
1.0 0.37020521163940434 
1.0 0.280658970217733 
1.0 0.2730712439181536 
1.0 0.37020521163940434 
