0.2 0.5545110702514648 
0.2 0.5206267237663269 
0.2 0.5566605925559998 
0.2 0.5566605925559998 
0.2 0.5535555481910706 
0.2 0.5535555481910706 
0.2 0.5523548126220703 
0.2 0.5523548126220703 
0.2 0.548668384552002 
0.2 0.5459127426147461 
0.2 0.5156912803649902 
0.2 0.5156912803649902 
0.2 0.5217912197113037 
0.2 0.5217912197113037 
0.2 0.5157690644264221 
0.2 0.5157690644264221 
0.2 0.5181941390037537 
0.2 0.5266467332839966 
0.2 0.5269773900508881 
0.2 0.5269773900508881 
0.2 0.5195927023887634 
0.2 0.5195927023887634 
0.2 0.5215709507465363 
0.2 0.5226383805274963 
0.2 0.514241635799408 
0.2 0.514241635799408 
0.2 0.514241635799408 
0.2 0.514241635799408 
0.2 0.5166903138160706 
0.2 0.5166903138160706 
0.2 0.5160154700279236 
0.2 0.5160154700279236 
0.2 0.5160154700279236 
0.2 0.5160154700279236 
0.2 0.5095515847206116 
0.2 0.5095515847206116 
0.2 0.5049013495445251 
0.2 0.5049013495445251 
0.2 0.5049013495445251 
0.2 0.5049013495445251 
0.2 0.5049013495445251 
0.2 0.5049013495445251 
0.2 0.500684916973114 
0.2 0.500684916973114 
0.2 0.5003081560134888 
0.2 0.5003081560134888 
0.2 0.5003081560134888 
0.2 0.5003081560134888 
0.2 0.5030987560749054 
0.2 0.5030987560749054 
0.2 0.5030987560749054 
0.2 0.5030987560749054 
0.2 0.5030987560749054 
0.2 0.5030987560749054 
0.2 0.5030987560749054 
0.2 0.5030987560749054 
0.2 0.5030987560749054 
0.2 0.5030987560749054 
0.2 0.509975254535675 
0.2 0.509975254535675 
0.2 0.509975254535675 
0.2 0.509975254535675 
0.2 0.509975254535675 
0.2 0.509975254535675 
0.2 0.509975254535675 
0.2 0.509975254535675 
0.2 0.509975254535675 
0.2 0.509975254535675 
0.2 0.509975254535675 
0.2 0.509975254535675 
0.2 0.509975254535675 
0.2 0.509975254535675 
0.2 0.509975254535675 
0.2 0.509975254535675 
0.2 0.509975254535675 
0.2 0.509975254535675 
0.2 0.509975254535675 
0.2 0.509975254535675 
0.2 0.509975254535675 
0.2 0.509975254535675 
0.2 0.5064651370048523 
0.2 0.5064651370048523 
0.2 0.5064651370048523 
0.2 0.5064651370048523 
0.2 0.5056768655776978 
0.2 0.5056768655776978 
0.2 0.5056768655776978 
0.2 0.5056768655776978 
0.2 0.5056768655776978 
0.2 0.5056768655776978 
0.2 0.5056768655776978 
0.2 0.5056768655776978 
0.2 0.5056768655776978 
0.2 0.5056768655776978 
0.2 0.5056768655776978 
0.2 0.5056768655776978 
0.2 0.5056768655776978 
0.2 0.5056768655776978 
0.2 0.5056768655776978 
0.2 0.5056768655776978 
0.2 0.5120956897735596 
0.2 0.5120956897735596 
0.2 0.5098892152309418 
0.2 0.5098892152309418 
0.2 0.5068648755550385 
0.2 0.5068648755550385 
0.2 0.5068648755550385 
0.2 0.5068648755550385 
0.2 0.5068648755550385 
0.2 0.5068648755550385 
0.2 0.5068648755550385 
0.2 0.5068648755550385 
0.2 0.5052800476551056 
0.2 0.5052800476551056 
0.2 0.5073006749153137 
0.2 0.5092658698558807 
0.2 0.5092658698558807 
0.2 0.5092658698558807 
0.2 0.5092658698558807 
0.2 0.5092658698558807 
0.2 0.5032311677932739 
0.2 0.5032311677932739 
0.2 0.5032311677932739 
0.2 0.5032311677932739 
