# PLDDT for structure 
0 0.7002230882644653 
1 0.704124391078949 
2 0.7828426361083984 
3 0.8341132998466492 
4 0.84321528673172 
5 0.8529714941978455 
6 0.8619416952133179 
7 0.8602992296218872 
8 0.8786224126815796 
9 0.8785461783409119 
10 0.8666620254516602 
11 0.8698127269744873 
12 0.8726040720939636 
13 0.8772608041763306 
14 0.8639696836471558 
15 0.8714598417282104 
16 0.8661481142044067 
17 0.8671578168869019 
18 0.8489536046981812 
19 0.8239043951034546 
20 0.8363757133483887 
21 0.8160734176635742 
22 0.7889142036437988 
23 0.7487344145774841 
24 0.7761380076408386 
25 0.7368487119674683 
26 0.6646439433097839 
27 0.5996700525283813 
28 0.5577199459075928 
29 0.504439115524292 
30 0.433298796415329 
31 0.4093550145626068 
32 0.45373523235321045 
33 0.4473623037338257 
34 0.42101597785949707 
35 0.42974525690078735 
36 0.49353405833244324 
37 0.530005693435669 
38 0.6251844167709351 
39 0.6150031089782715 
40 0.676324188709259 
41 0.7555808424949646 
42 0.7835521697998047 
43 0.7641268372535706 
44 0.7640400528907776 
45 0.81475830078125 
46 0.8446114659309387 
47 0.804922878742218 
48 0.8224184513092041 
49 0.8564819693565369 
50 0.8635192513465881 
51 0.8295431137084961 
52 0.8528102040290833 
53 0.8801420331001282 
54 0.8673871755599976 
55 0.8508598804473877 
56 0.8657724857330322 
57 0.8600684404373169 
58 0.8414099216461182 
59 0.8496832251548767 
60 0.8442003726959229 
61 0.8327280879020691 
62 0.8276978135108948 
63 0.7994716763496399 
64 0.8111256957054138 
65 0.7877646088600159 
66 0.7738743424415588 
67 0.7988764047622681 
68 0.8148902058601379 
69 0.7875147461891174 
70 0.7883822917938232 
71 0.819877028465271 
72 0.8194012641906738 
73 0.7999768257141113 
74 0.8167070746421814 
75 0.8353568315505981 
76 0.8203341364860535 
77 0.7965654730796814 
78 0.8221297860145569 
79 0.8183748722076416 
80 0.7927961945533752 
81 0.786210298538208 
82 0.8142831325531006 
83 0.8024746775627136 
84 0.7704696655273438 
85 0.7772055268287659 
86 0.804650604724884 
87 0.7820534706115723 
88 0.7521156668663025 
89 0.7798135876655579 
90 0.7810106873512268 
91 0.7352259159088135 
92 0.731091320514679 
93 0.7566923499107361 
94 0.7382122278213501 
95 0.7024358510971069 
96 0.7146995663642883 
97 0.6892684698104858 
98 0.6388251185417175 
99 0.6314852237701416 
100 0.6003795862197876 
101 0.543057382106781 
102 0.5032869577407837 
103 0.46065282821655273 
104 0.37313640117645264 
105 0.38396352529525757 
106 0.38597503304481506 
107 0.38330191373825073 
108 0.4126507043838501 
109 0.3551580309867859 
110 0.37576884031295776 
111 0.39909809827804565 
112 0.3551710844039917 
113 0.34723907709121704 
114 0.38767653703689575 
115 0.36195486783981323 
116 0.4103013277053833 
117 0.4149130582809448 
118 0.5209735035896301 
119 0.5488602519035339 
120 0.6224936246871948 
121 0.6460546851158142 
122 0.6848953366279602 
123 0.681694746017456 
124 0.6555566787719727 
125 0.5927754640579224 
126 0.6474244594573975 
127 0.6753883957862854 
128 0.7001098394393921 
129 0.6846524477005005 
130 0.7178041934967041 
131 0.723242461681366 
132 0.7115433812141418 
133 0.6491238474845886 
134 0.6721383929252625 
135 0.700876772403717 
136 0.7024967670440674 
137 0.7074756026268005 
138 0.7147144675254822 
139 0.7506780028343201 
140 0.766821026802063 
141 0.7464538216590881 
142 0.7620246410369873 
143 0.7873111963272095 
144 0.7834133505821228 
145 0.7757351398468018 
146 0.7998988628387451 
147 0.8194654583930969 
148 0.8089419603347778 
149 0.7978396415710449 
150 0.8173448443412781 
151 0.8324717283248901 
152 0.8041009902954102 
153 0.8147081136703491 
154 0.8249306678771973 
155 0.8148617148399353 
156 0.8064115047454834 
157 0.8048110604286194 
158 0.815834641456604 
159 0.8021236658096313 
160 0.827399730682373 
161 0.8069276213645935 
162 0.7879391312599182 
163 0.7976744771003723 
164 0.7835862636566162 
165 0.7830235362052917 
166 0.7801734805107117 
167 0.7592829465866089 
168 0.735551655292511 
169 0.6710469126701355 
170 0.7075950503349304 
171 0.7940762639045715 
172 0.8362283110618591 
173 0.8448231816291809 
174 0.849430501461029 
175 0.8644472360610962 
176 0.8680012226104736 
177 0.8846307992935181 
178 0.8814294934272766 
179 0.8757601976394653 
180 0.8810310959815979 
181 0.8738629817962646 
182 0.8809942007064819 
183 0.878486156463623 
184 0.881419837474823 
185 0.863747775554657 
186 0.8747402429580688 
187 0.861108660697937 
188 0.8292805552482605 
189 0.8356848359107971 
190 0.8235618472099304 
191 0.7989141941070557 
192 0.7552303671836853 
193 0.7778206467628479 
194 0.7465274333953857 
195 0.6813548803329468 
196 0.6062893271446228 
197 0.5683301687240601 
198 0.5135587453842163 
199 0.4560904800891876 
200 0.43118155002593994 
201 0.4782060384750366 
202 0.4652289152145386 
203 0.42575252056121826 
204 0.4270206093788147 
205 0.49623578786849976 
206 0.5338469743728638 
207 0.6406038403511047 
208 0.6299283504486084 
209 0.7007107734680176 
210 0.7696127891540527 
211 0.7989791035652161 
212 0.7792507410049438 
213 0.7815045118331909 
214 0.8261359333992004 
215 0.8570393323898315 
216 0.8168171048164368 
217 0.8351684808731079 
218 0.871544599533081 
219 0.8695141673088074 
220 0.8402971625328064 
221 0.8647085428237915 
222 0.8875389695167542 
223 0.8718291521072388 
224 0.8571926951408386 
225 0.8703597784042358 
226 0.8629388213157654 
227 0.8454158306121826 
228 0.8519210815429688 
229 0.8434274792671204 
230 0.8297074437141418 
231 0.8282807469367981 
232 0.7981683015823364 
233 0.8120512366294861 
234 0.7864988446235657 
235 0.7799233794212341 
236 0.8032364845275879 
237 0.8190100193023682 
238 0.790341317653656 
239 0.795481264591217 
240 0.8261356949806213 
241 0.8245417475700378 
242 0.8063875436782837 
243 0.8284317851066589 
244 0.8480587601661682 
245 0.8293625116348267 
246 0.8079012632369995 
247 0.8396208882331848 
248 0.833098292350769 
249 0.8067144155502319 
250 0.8038249611854553 
251 0.8330169320106506 
252 0.8162976503372192 
253 0.7837227582931519 
254 0.7908746600151062 
255 0.8169741630554199 
256 0.7875913381576538 
257 0.7622843384742737 
258 0.7881314754486084 
259 0.7841792702674866 
260 0.7364886999130249 
261 0.7334804534912109 
262 0.7653519511222839 
263 0.7324250936508179 
264 0.7030474543571472 
265 0.724401593208313 
266 0.694611668586731 
267 0.6459936499595642 
268 0.6391854882240295 
269 0.597712516784668 
270 0.5335270166397095 
271 0.4940105676651001 
272 0.4694368243217468 
273 0.36875206232070923 
274 0.37230467796325684 
275 0.3699118196964264 
276 0.3730946481227875 
277 0.4009716510772705 
278 0.34823107719421387 
279 0.35813379287719727 
280 0.38529109954833984 
281 0.3515186309814453 
282 0.3399026393890381 
283 0.38230159878730774 
284 0.366534948348999 
285 0.41939371824264526 
286 0.4271095097064972 
287 0.5544643998146057 
288 0.5753871202468872 
289 0.6414915919303894 
290 0.6643471717834473 
291 0.7021497488021851 
292 0.6913406252861023 
293 0.6667668223381042 
294 0.595751166343689 
295 0.6547091603279114 
296 0.6845078468322754 
297 0.7079423666000366 
298 0.692475438117981 
299 0.7262800335884094 
300 0.7323646545410156 
301 0.7177340388298035 
302 0.6561375856399536 
303 0.6801203489303589 
304 0.7122573852539062 
305 0.7081546783447266 
306 0.707883358001709 
307 0.7242420315742493 
308 0.7568787932395935 
309 0.7650672197341919 
310 0.7510438561439514 
311 0.7690253853797913 
312 0.7936885952949524 
313 0.7850139141082764 
314 0.783454954624176 
315 0.8037942051887512 
316 0.8250104188919067 
317 0.8176938891410828 
318 0.8076038956642151 
319 0.8222739100456238 
320 0.8415192365646362 
321 0.8213492631912231 
322 0.8293992280960083 
323 0.8410826325416565 
324 0.8375176191329956 
325 0.8313130736351013 
326 0.829900324344635 
327 0.8378249406814575 
328 0.8273205161094666 
329 0.8453558087348938 
330 0.8232545852661133 
331 0.8144378066062927 
332 0.8221012949943542 
333 0.7949081659317017 
334 0.7966558933258057 
335 0.7973095178604126 
336 0.7704644799232483 
337 0.7238007187843323 
338 0.290366530418396 
339 0.3081442713737488 
340 0.2966431975364685 
341 0.27504679560661316 
342 0.30883491039276123 
343 0.35067957639694214 
344 0.3206748962402344 
345 0.34030893445014954 
346 0.41212087869644165 
347 0.4175353944301605 
348 0.405289888381958 
349 0.43114304542541504 
350 0.49155598878860474 
351 0.5400010347366333 
352 0.6008669137954712 
353 0.6537361145019531 
354 0.717536985874176 
355 0.7382643222808838 
356 0.7569628357887268 
357 0.7764114737510681 
358 0.7859965562820435 
359 0.8024917244911194 
360 0.8310130834579468 
361 0.8402032852172852 
362 0.8132221102714539 
363 0.8058533668518066 
364 0.843936026096344 
365 0.851387083530426 
366 0.846389651298523 
367 0.7766735553741455 
368 0.7542428970336914 
369 0.7758657932281494 
370 0.7103385925292969 
371 0.7525720596313477 
372 0.7205037474632263 
373 0.6900608539581299 
374 0.6958280205726624 
375 0.7022631168365479 
376 0.6955208778381348 
377 0.6384307146072388 
378 0.6460793614387512 
379 0.6735883951187134 
380 0.6407583951950073 
381 0.6080493330955505 
382 0.6099682450294495 
383 0.6181856989860535 
384 0.6113572716712952 
385 0.5751076340675354 
386 0.599542498588562 
387 0.6551610231399536 
388 0.5948660373687744 
389 0.5962651371955872 
390 0.6487316489219666 
391 0.6662084460258484 
392 0.5874562859535217 
393 0.6407122015953064 
394 0.6950219869613647 
395 0.5953550934791565 
396 0.6079939007759094 
397 0.6065930128097534 
398 0.6451313495635986 
399 0.6548515558242798 
400 0.7172324657440186 
401 0.7174083590507507 
402 0.6848257780075073 
403 0.6791120171546936 
404 0.6439200639724731 
405 0.6912580132484436 
406 0.5947787761688232 
407 0.6227794885635376 
408 0.6295122504234314 
409 0.6514630317687988 
410 0.673236608505249 
411 0.6824842691421509 
412 0.6147607564926147 
413 0.6028998494148254 
414 0.6785100102424622 
415 0.6304618716239929 
416 0.6240649819374084 
417 0.7029769420623779 
