1.0 25.67411838220434 
1.0 23.432962140385758 
1.0 22.014105727320253 
1.0 22.014105727320253 
1.0 21.974791366407832 
1.0 21.974791366407832 
1.0 21.804413118425483 
1.0 21.804413118425483 
1.0 21.804413118425483 
1.0 21.804413118425483 
1.0 21.809533429916478 
1.0 21.809533429916478 
1.0 21.76825296764643 
1.0 21.76825296764643 
1.0 21.76825296764643 
1.0 21.76825296764643 
1.0 21.76825296764643 
1.0 21.76825296764643 
1.0 21.76825296764643 
1.0 21.76825296764643 
1.0 21.782916269934965 
1.0 21.782916269934965 
1.0 21.782916269934965 
1.0 21.782916269934965 
1.0 21.782916269934965 
1.0 21.782916269934965 
1.0 21.782916269934965 
1.0 21.782916269934965 
1.0 21.64775099482854 
1.0 21.64775099482854 
1.0 21.64775099482854 
1.0 21.64775099482854 
1.0 21.64775099482854 
1.0 21.64775099482854 
1.0 21.64775099482854 
1.0 21.64775099482854 
1.0 21.64775099482854 
1.0 21.64775099482854 
1.0 21.64775099482854 
1.0 21.64775099482854 
1.0 21.64775099482854 
1.0 21.64775099482854 
1.0 21.64775099482854 
1.0 21.64775099482854 
1.0 21.64775099482854 
1.0 21.64775099482854 
1.0 21.64775099482854 
1.0 21.64775099482854 
1.0 21.64775099482854 
1.0 21.64775099482854 
1.0 21.64775099482854 
1.0 21.64775099482854 
1.0 21.64775099482854 
1.0 21.64775099482854 
1.0 21.64775099482854 
1.0 21.64775099482854 
1.0 21.64775099482854 
1.0 21.64775099482854 
1.0 21.64775099482854 
1.0 21.64775099482854 
1.0 21.64775099482854 
1.0 21.64775099482854 
1.0 21.64775099482854 
1.0 21.64775099482854 
1.0 21.64775099482854 
1.0 21.64775099482854 
1.0 21.64775099482854 
1.0 21.64775099482854 
1.0 21.64775099482854 
1.0 21.64775099482854 
1.0 21.64775099482854 
1.0 21.64775099482854 
1.0 21.64775099482854 
1.0 21.64775099482854 
1.0 21.64775099482854 
1.0 21.64775099482854 
1.0 21.64775099482854 
1.0 21.64775099482854 
1.0 21.64775099482854 
1.0 21.64775099482854 
1.0 21.64775099482854 
1.0 21.64775099482854 
1.0 21.64775099482854 
1.0 21.64775099482854 
1.0 21.64775099482854 
1.0 21.64775099482854 
1.0 21.64775099482854 
1.0 21.64775099482854 
1.0 21.64775099482854 
1.0 21.64775099482854 
1.0 21.64775099482854 
1.0 21.64775099482854 
1.0 21.64775099482854 
1.0 21.64775099482854 
1.0 21.64775099482854 
1.0 21.64775099482854 
1.0 21.64775099482854 
1.0 21.64775099482854 
1.0 21.64775099482854 
1.0 21.64775099482854 
1.0 21.64775099482854 
1.0 21.64775099482854 
1.0 21.64775099482854 
1.0 21.64775099482854 
1.0 21.64775099482854 
1.0 21.64775099482854 
1.0 21.64775099482854 
1.0 21.64775099482854 
1.0 21.64775099482854 
1.0 21.64775099482854 
1.0 21.64775099482854 
1.0 21.64775099482854 
1.0 20.182140120263345 
1.0 19.839013091902235 
1.0 18.15631263733703 
1.0 18.15631263733703 
1.0 18.15631263733703 
1.0 18.15631263733703 
1.0 18.15631263733703 
1.0 18.15631263733703 
1.0 18.019617213285066 
1.0 18.019617213285066 
1.0 17.84730780837643 
1.0 17.84730780837643 
1.0 17.84730780837643 
1.0 17.84730780837643 
1.0 17.84730780837643 
1.0 17.84730780837643 
1.0 17.84730780837643 
1.0 17.84730780837643 
1.0 17.84730780837643 
1.0 17.84730780837643 
1.0 17.84730780837643 
1.0 17.84730780837643 
1.0 17.84730780837643 
1.0 17.84730780837643 
1.0 17.84730780837643 
1.0 17.84730780837643 
1.0 17.84730780837643 
1.0 17.84730780837643 
1.0 17.84730780837643 
1.0 17.84730780837643 
1.0 17.84730780837643 
1.0 17.84730780837643 
1.0 17.84730780837643 
1.0 17.84730780837643 
1.0 17.84730780837643 
1.0 17.84730780837643 
1.0 17.84730780837643 
1.0 17.84730780837643 
1.0 17.84730780837643 
1.0 17.84730780837643 
1.0 17.84730780837643 
1.0 17.84730780837643 
1.0 17.84730780837643 
1.0 17.84730780837643 
1.0 17.84730780837643 
1.0 17.84730780837643 
1.0 17.84730780837643 
1.0 17.84730780837643 
1.0 17.84730780837643 
1.0 17.84730780837643 
1.0 17.84730780837643 
1.0 17.84730780837643 
1.0 17.84730780837643 
1.0 17.84730780837643 
1.0 17.923090054563797 
1.0 17.947628222470506 
1.0 17.947628222470506 
1.0 17.947628222470506 
1.0 17.947628222470506 
1.0 17.947628222470506 
1.0 17.947628222470506 
1.0 17.947628222470506 
1.0 17.947628222470506 
1.0 17.947628222470506 
1.0 17.947628222470506 
1.0 17.947628222470506 
1.0 17.947628222470506 
1.0 17.947628222470506 
1.0 17.947628222470506 
1.0 17.947628222470506 
1.0 17.947628222470506 
1.0 17.947628222470506 
1.0 17.947628222470506 
1.0 17.947628222470506 
1.0 17.947628222470506 
1.0 17.947628222470506 
1.0 17.947628222470506 
1.0 17.947628222470506 
1.0 17.947628222470506 
1.0 17.947628222470506 
1.0 17.947628222470506 
1.0 17.947628222470506 
1.0 17.947628222470506 
1.0 17.947628222470506 
1.0 17.947628222470506 
1.0 17.947628222470506 
1.0 17.947628222470506 
1.0 17.947628222470506 
1.0 17.947628222470506 
1.0 17.200965865107584 
1.0 16.97356927396057 
1.0 16.97356927396057 
1.0 16.97356927396057 
1.0 16.97356927396057 
1.0 16.97356927396057 
1.0 16.97356927396057 
1.0 16.97356927396057 
1.0 16.97356927396057 
1.0 16.97356927396057 
1.0 16.97356927396057 
1.0 16.97356927396057 
1.0 16.97356927396057 
1.0 16.97356927396057 
1.0 16.97356927396057 
1.0 16.97356927396057 
1.0 16.97356927396057 
1.0 16.869751198859188 
1.0 16.869751198859188 
1.0 16.869751198859188 
1.0 16.869751198859188 
1.0 16.869751198859188 
1.0 16.869751198859188 
1.0 16.869751198859188 
1.0 16.869751198859188 
1.0 16.869751198859188 
1.0 16.869751198859188 
1.0 16.869751198859188 
1.0 16.869751198859188 
1.0 16.869751198859188 
1.0 16.869751198859188 
1.0 16.869751198859188 
1.0 16.869751198859188 
1.0 16.869751198859188 
1.0 16.869751198859188 
1.0 16.869751198859188 
1.0 16.869751198859188 
1.0 16.869751198859188 
1.0 16.869751198859188 
1.0 16.869751198859188 
1.0 16.869751198859188 
1.0 16.869751198859188 
1.0 16.869751198859188 
1.0 16.869751198859188 
1.0 16.869751198859188 
1.0 16.869751198859188 
1.0 16.869751198859188 
1.0 16.869751198859188 
1.0 16.869751198859188 
1.0 16.869751198859188 
1.0 16.869751198859188 
1.0 16.869751198859188 
1.0 16.869751198859188 
1.0 16.869751198859188 
1.0 16.869751198859188 
1.0 16.869751198859188 
1.0 16.869751198859188 
1.0 16.869751198859188 
1.0 16.869751198859188 
1.0 16.869751198859188 
1.0 16.869751198859188 
1.0 16.869751198859188 
1.0 16.869751198859188 
1.0 16.869751198859188 
1.0 16.869751198859188 
1.0 16.869751198859188 
1.0 16.869751198859188 
1.0 16.869751198859188 
1.0 16.869751198859188 
1.0 16.869751198859188 
1.0 16.869751198859188 
1.0 16.869751198859188 
1.0 16.869751198859188 
1.0 16.869751198859188 
1.0 16.869751198859188 
1.0 16.869751198859188 
1.0 16.869751198859188 
1.0 16.869751198859188 
1.0 16.869751198859188 
1.0 16.869751198859188 
1.0 16.869751198859188 
1.0 16.869751198859188 
1.0 16.869751198859188 
1.0 16.869751198859188 
1.0 16.869751198859188 
1.0 16.869751198859188 
1.0 16.869751198859188 
1.0 16.869751198859188 
1.0 16.869751198859188 
1.0 16.869751198859188 
1.0 16.869751198859188 
1.0 16.869751198859188 
1.0 16.869751198859188 
1.0 16.869751198859188 
1.0 16.869751198859188 
1.0 16.869751198859188 
1.0 16.869751198859188 
1.0 16.869751198859188 
1.0 16.869751198859188 
1.0 16.869751198859188 
1.0 16.869751198859188 
1.0 16.869751198859188 
1.0 16.869751198859188 
1.0 16.869751198859188 
1.0 16.869751198859188 
1.0 16.869751198859188 
1.0 16.869751198859188 
1.0 16.869751198859188 
1.0 16.869751198859188 
1.0 16.869751198859188 
1.0 16.869751198859188 
1.0 16.869751198859188 
1.0 16.869751198859188 
1.0 16.869751198859188 
1.0 16.869751198859188 
1.0 16.869751198859188 
1.0 16.869751198859188 
1.0 16.869751198859188 
1.0 16.869751198859188 
1.0 16.869751198859188 
1.0 16.869751198859188 
1.0 16.869751198859188 
1.0 16.869751198859188 
1.0 16.869751198859188 
1.0 16.869751198859188 
1.0 16.869751198859188 
1.0 16.869751198859188 
1.0 16.869751198859188 
1.0 16.869751198859188 
1.0 16.869751198859188 
1.0 16.869751198859188 
1.0 16.869751198859188 
1.0 16.869751198859188 
1.0 16.869751198859188 
1.0 16.869751198859188 
1.0 16.869751198859188 
1.0 16.869751198859188 
1.0 16.869751198859188 
1.0 16.869751198859188 
1.0 16.869751198859188 
1.0 16.869751198859188 
1.0 16.869751198859188 
1.0 16.869751198859188 
1.0 16.869751198859188 
1.0 16.869751198859188 
1.0 16.869751198859188 
1.0 16.869751198859188 
1.0 16.869751198859188 
1.0 16.869751198859188 
1.0 16.869751198859188 
1.0 16.869751198859188 
1.0 16.869751198859188 
1.0 16.869751198859188 
1.0 16.869751198859188 
1.0 16.869751198859188 
1.0 16.869751198859188 
1.0 16.869751198859188 
1.0 16.869751198859188 
1.0 16.869751198859188 
1.0 16.869751198859188 
1.0 16.869751198859188 
1.0 16.869751198859188 
1.0 16.869751198859188 
1.0 16.869751198859188 
1.0 16.869751198859188 
1.0 16.869751198859188 
1.0 16.869751198859188 
1.0 16.869751198859188 
1.0 16.869751198859188 
1.0 16.869751198859188 
1.0 16.869751198859188 
1.0 16.869751198859188 
1.0 16.869751198859188 
1.0 16.869751198859188 
1.0 16.869751198859188 
1.0 16.869751198859188 
1.0 16.869751198859188 
1.0 16.869751198859188 
1.0 16.869751198859188 
1.0 16.869751198859188 
1.0 16.869751198859188 
1.0 16.869751198859188 
1.0 16.869751198859188 
1.0 16.869751198859188 
1.0 16.869751198859188 
1.0 16.869751198859188 
1.0 16.869751198859188 
1.0 16.869751198859188 
1.0 16.869751198859188 
1.0 16.869751198859188 
1.0 16.869751198859188 
1.0 16.869751198859188 
1.0 16.869751198859188 
1.0 16.869751198859188 
1.0 16.869751198859188 
1.0 16.869751198859188 
1.0 16.869751198859188 
1.0 16.869751198859188 
1.0 16.869751198859188 
1.0 16.869751198859188 
1.0 16.869751198859188 
1.0 16.869751198859188 
1.0 16.869751198859188 
1.0 16.869751198859188 
1.0 16.869751198859188 
1.0 16.869751198859188 
1.0 16.869751198859188 
1.0 16.869751198859188 
1.0 16.869751198859188 
1.0 16.869751198859188 
1.0 16.869751198859188 
1.0 16.869751198859188 
1.0 16.869751198859188 
1.0 16.869751198859188 
1.0 16.869751198859188 
1.0 16.869751198859188 
1.0 16.869751198859188 
1.0 16.869751198859188 
1.0 16.869751198859188 
1.0 16.869751198859188 
1.0 16.869751198859188 
1.0 16.869751198859188 
1.0 16.869751198859188 
1.0 16.869751198859188 
1.0 16.869751198859188 
1.0 16.869751198859188 
1.0 16.869751198859188 
1.0 16.869751198859188 
1.0 16.869751198859188 
1.0 16.869751198859188 
1.0 16.869751198859188 
1.0 16.869751198859188 
1.0 16.869751198859188 
1.0 16.869751198859188 
1.0 16.869751198859188 
1.0 16.869751198859188 
1.0 16.869751198859188 
1.0 16.869751198859188 
1.0 16.869751198859188 
1.0 16.869751198859188 
1.0 16.869751198859188 
1.0 16.869751198859188 
1.0 16.869751198859188 
1.0 16.869751198859188 
1.0 16.869751198859188 
1.0 16.869751198859188 
1.0 16.869751198859188 
1.0 16.869751198859188 
1.0 16.869751198859188 
1.0 16.869751198859188 
1.0 16.869751198859188 
1.0 16.869751198859188 
1.0 16.869751198859188 
1.0 16.869751198859188 
1.0 16.869751198859188 
1.0 16.869751198859188 
1.0 16.869751198859188 
1.0 16.869751198859188 
1.0 16.869751198859188 
1.0 16.869751198859188 
1.0 16.869751198859188 
1.0 16.869751198859188 
1.0 16.869751198859188 
1.0 16.869751198859188 
1.0 16.869751198859188 
1.0 16.869751198859188 
1.0 16.869751198859188 
1.0 16.869751198859188 
1.0 16.869751198859188 
1.0 16.869751198859188 
1.0 16.869751198859188 
1.0 16.869751198859188 
1.0 16.869751198859188 
1.0 16.869751198859188 
1.0 16.869751198859188 
1.0 16.869751198859188 
1.0 16.869751198859188 
1.0 16.869751198859188 
1.0 16.869751198859188 
1.0 16.869751198859188 
1.0 16.869751198859188 
1.0 16.869751198859188 
1.0 16.869751198859188 
1.0 16.869751198859188 
1.0 16.869751198859188 
1.0 16.869751198859188 
1.0 16.869751198859188 
1.0 16.869751198859188 
1.0 16.869751198859188 
1.0 16.869751198859188 
1.0 16.869751198859188 
1.0 16.869751198859188 
1.0 16.869751198859188 
1.0 16.869751198859188 
1.0 16.869751198859188 
1.0 16.869751198859188 
1.0 16.869751198859188 
1.0 16.869751198859188 
1.0 16.869751198859188 
1.0 16.869751198859188 
1.0 16.869751198859188 
1.0 16.869751198859188 
1.0 16.869751198859188 
1.0 16.869751198859188 
1.0 16.869751198859188 
1.0 16.869751198859188 
1.0 16.869751198859188 
1.0 16.869751198859188 
1.0 16.869751198859188 
1.0 16.869751198859188 
1.0 16.869751198859188 
1.0 16.869751198859188 
1.0 16.869751198859188 
1.0 16.869751198859188 
1.0 16.869751198859188 
1.0 16.869751198859188 
1.0 16.869751198859188 
1.0 16.869751198859188 
1.0 16.869751198859188 
1.0 16.869751198859188 
1.0 16.869751198859188 
1.0 16.869751198859188 
1.0 16.869751198859188 
1.0 16.869751198859188 
1.0 16.869751198859188 
1.0 16.869751198859188 
1.0 16.869751198859188 
1.0 16.869751198859188 
1.0 16.869751198859188 
1.0 16.869751198859188 
1.0 16.869751198859188 
1.0 16.869751198859188 
1.0 16.869751198859188 
1.0 16.869751198859188 
1.0 16.869751198859188 
1.0 16.869751198859188 
1.0 16.869751198859188 
1.0 16.869751198859188 
1.0 16.869751198859188 
1.0 16.869751198859188 
1.0 16.869751198859188 
1.0 16.869751198859188 
1.0 16.869751198859188 
1.0 16.869751198859188 
1.0 16.869751198859188 
1.0 16.869751198859188 
1.0 16.869751198859188 
1.0 16.869751198859188 
1.0 16.869751198859188 
1.0 16.869751198859188 
1.0 16.869751198859188 
1.0 16.869751198859188 
1.0 16.869751198859188 
1.0 16.869751198859188 
1.0 16.869751198859188 
1.0 16.869751198859188 
1.0 16.869751198859188 
1.0 16.869751198859188 
1.0 16.869751198859188 
1.0 16.869751198859188 
1.0 16.869751198859188 
1.0 16.869751198859188 
1.0 16.869751198859188 
1.0 16.869751198859188 
1.0 16.869751198859188 
1.0 16.869751198859188 
1.0 16.869751198859188 
1.0 16.869751198859188 
1.0 16.869751198859188 
1.0 16.869751198859188 
1.0 16.869751198859188 
1.0 16.869751198859188 
1.0 16.869751198859188 
1.0 16.869751198859188 
1.0 16.869751198859188 
1.0 16.869751198859188 
1.0 16.869751198859188 
1.0 16.869751198859188 
1.0 16.869751198859188 
1.0 16.869751198859188 
1.0 16.869751198859188 
1.0 16.869751198859188 
1.0 16.869751198859188 
1.0 16.869751198859188 
1.0 16.869751198859188 
1.0 16.869751198859188 
1.0 16.869751198859188 
1.0 16.869751198859188 
1.0 16.869751198859188 
1.0 16.869751198859188 
1.0 16.869751198859188 
1.0 16.869751198859188 
1.0 16.869751198859188 
1.0 16.869751198859188 
1.0 16.869751198859188 
1.0 16.869751198859188 
1.0 16.869751198859188 
1.0 16.869751198859188 
1.0 16.869751198859188 
1.0 16.869751198859188 
1.0 16.869751198859188 
1.0 16.869751198859188 
1.0 16.869751198859188 
1.0 16.869751198859188 
1.0 16.869751198859188 
1.0 16.869751198859188 
1.0 16.869751198859188 
1.0 16.869751198859188 
1.0 16.869751198859188 
1.0 16.869751198859188 
1.0 16.869751198859188 
1.0 16.869751198859188 
1.0 16.869751198859188 
1.0 16.869751198859188 
1.0 16.869751198859188 
1.0 16.869751198859188 
1.0 16.869751198859188 
1.0 16.869751198859188 
1.0 16.869751198859188 
1.0 16.869751198859188 
1.0 16.869751198859188 
1.0 16.869751198859188 
1.0 16.869751198859188 
1.0 16.869751198859188 
1.0 16.869751198859188 
