0.2 0.1984595235188802 
1.0 0.28803443908691406 
1.0 0.3778310298919678 
0.2 0.27304011027018227 
1.0 0.40030574798583984 
1.0 0.47490859031677246 
0.2 0.29100453694661454 
1.0 0.41965906243575246 
1.0 0.3476987838745117 
0.2 0.29100453694661454 
1.0 0.41965906243575246 
1.0 0.3476987838745117 
0.2 0.2729120890299479 
1.0 0.40999056163587067 
1.0 0.34053454399108884 
0.2 0.2729120890299479 
1.0 0.40999056163587067 
1.0 0.34053454399108884 
0.2 0.25618403116861976 
1.0 0.3909029207731548 
1.0 0.29597706794738765 
0.2 0.25618403116861976 
1.0 0.3909029207731548 
1.0 0.29597706794738765 
0.2 0.25618403116861976 
1.0 0.3909029207731548 
1.0 0.29597706794738765 
0.2 0.25618403116861976 
1.0 0.3909029207731548 
1.0 0.29597706794738765 
0.2 0.2591598002115886 
1.0 0.3845611371492085 
1.0 0.26466617584228513 
0.2 0.2591598002115886 
1.0 0.3845611371492085 
1.0 0.26466617584228513 
0.2 0.2581539916992187 
1.0 0.38360008440519633 
1.0 0.26935672760009766 
0.2 0.2581539916992187 
1.0 0.38360008440519633 
1.0 0.26935672760009766 
0.2 0.2581539916992187 
1.0 0.38360008440519633 
1.0 0.26935672760009766 
0.2 0.2581539916992187 
1.0 0.38360008440519633 
1.0 0.26935672760009766 
0.2 0.2581539916992187 
1.0 0.38360008440519633 
1.0 0.26935672760009766 
0.2 0.2581539916992187 
1.0 0.38360008440519633 
1.0 0.26935672760009766 
0.2 0.2581539916992187 
1.0 0.38360008440519633 
1.0 0.26935672760009766 
0.2 0.2581539916992187 
1.0 0.38360008440519633 
1.0 0.26935672760009766 
0.2 0.2608034769694011 
1.0 0.37213305423134246 
1.0 0.2303614616394043 
0.2 0.2608034769694011 
1.0 0.37213305423134246 
1.0 0.2303614616394043 
0.2 0.2608034769694011 
1.0 0.37213305423134246 
1.0 0.2303614616394043 
0.2 0.2608034769694011 
1.0 0.37213305423134246 
1.0 0.2303614616394043 
0.2 0.2608034769694011 
1.0 0.37213305423134246 
1.0 0.2303614616394043 
0.2 0.2608034769694011 
1.0 0.37213305423134246 
1.0 0.2303614616394043 
0.2 0.2608034769694011 
1.0 0.37213305423134246 
1.0 0.2303614616394043 
0.2 0.2608034769694011 
1.0 0.37213305423134246 
1.0 0.2303614616394043 
0.2 0.2565062967936198 
1.0 0.3793359053762335 
1.0 0.2553592205047608 
0.2 0.2565062967936198 
1.0 0.3793359053762335 
1.0 0.2553592205047608 
0.2 0.2565062967936198 
1.0 0.3793359053762335 
1.0 0.2553592205047608 
0.2 0.2565062967936198 
1.0 0.3793359053762335 
1.0 0.2553592205047608 
0.2 0.2565062967936198 
1.0 0.3793359053762335 
1.0 0.2553592205047608 
0.2 0.2565062967936198 
1.0 0.3793359053762335 
1.0 0.2553592205047608 
0.2 0.2565062967936198 
1.0 0.3793359053762335 
1.0 0.2553592205047608 
0.2 0.2565062967936198 
1.0 0.3793359053762335 
1.0 0.2553592205047608 
0.2 0.2565062967936198 
1.0 0.3793359053762335 
1.0 0.2553592205047608 
0.2 0.2565062967936198 
1.0 0.3793359053762335 
1.0 0.2553592205047608 
0.2 0.2565062967936198 
1.0 0.3793359053762335 
1.0 0.2553592205047608 
0.2 0.2565062967936198 
1.0 0.3793359053762335 
1.0 0.2553592205047608 
0.2 0.2565062967936198 
1.0 0.3793359053762335 
1.0 0.2553592205047608 
0.2 0.2565062967936198 
1.0 0.3793359053762335 
1.0 0.2553592205047608 
0.2 0.2565062967936198 
1.0 0.3793359053762335 
1.0 0.2553592205047608 
0.2 0.2565062967936198 
1.0 0.3793359053762335 
1.0 0.2553592205047608 
0.2 0.2565062967936198 
1.0 0.3793359053762335 
1.0 0.2553592205047608 
0.2 0.2565062967936198 
1.0 0.3793359053762335 
1.0 0.2553592205047608 
0.2 0.2565062967936198 
1.0 0.3793359053762335 
1.0 0.2553592205047608 
0.2 0.2565062967936198 
1.0 0.3793359053762335 
1.0 0.2553592205047608 
0.2 0.2565062967936198 
1.0 0.3793359053762335 
1.0 0.2553592205047608 
0.2 0.2565062967936198 
1.0 0.3793359053762335 
1.0 0.2553592205047608 
0.2 0.2565062967936198 
1.0 0.3793359053762335 
1.0 0.2553592205047608 
0.2 0.2565062967936198 
1.0 0.3793359053762335 
1.0 0.2553592205047608 
0.2 0.2565062967936198 
1.0 0.3793359053762335 
1.0 0.2553592205047608 
0.2 0.2565062967936198 
1.0 0.3793359053762335 
1.0 0.2553592205047608 
0.2 0.2565062967936198 
1.0 0.3793359053762335 
1.0 0.2553592205047608 
0.2 0.2565062967936198 
1.0 0.3793359053762335 
1.0 0.2553592205047608 
0.2 0.2565062967936198 
1.0 0.3793359053762335 
1.0 0.2553592205047608 
0.2 0.2565062967936198 
1.0 0.3793359053762335 
1.0 0.2553592205047608 
0.2 0.2565062967936198 
1.0 0.3793359053762335 
1.0 0.2553592205047608 
0.2 0.2565062967936198 
1.0 0.3793359053762335 
1.0 0.2553592205047608 
0.2 0.2565062967936198 
1.0 0.3793359053762335 
1.0 0.2553592205047608 
0.2 0.2565062967936198 
1.0 0.3793359053762335 
1.0 0.2553592205047608 
0.2 0.2565062967936198 
1.0 0.3793359053762335 
1.0 0.2553592205047608 
0.2 0.2565062967936198 
1.0 0.3793359053762335 
1.0 0.2553592205047608 
0.2 0.2565062967936198 
1.0 0.3793359053762335 
1.0 0.2553592205047608 
0.2 0.2565062967936198 
1.0 0.3793359053762335 
1.0 0.2553592205047608 
0.2 0.2565062967936198 
1.0 0.3793359053762335 
1.0 0.2553592205047608 
0.2 0.2565062967936198 
1.0 0.3793359053762335 
1.0 0.2553592205047608 
0.2 0.2565062967936198 
1.0 0.3793359053762335 
1.0 0.2553592205047608 
0.2 0.2565062967936198 
1.0 0.3793359053762335 
1.0 0.2553592205047608 
0.2 0.2565062967936198 
1.0 0.3793359053762335 
1.0 0.2553592205047608 
0.2 0.2565062967936198 
1.0 0.3793359053762335 
1.0 0.2553592205047608 
0.2 0.2565062967936198 
1.0 0.3793359053762335 
1.0 0.2553592205047608 
0.2 0.2565062967936198 
1.0 0.3793359053762335 
1.0 0.2553592205047608 
0.2 0.2565062967936198 
1.0 0.3793359053762335 
1.0 0.2553592205047608 
0.2 0.2565062967936198 
1.0 0.3793359053762335 
1.0 0.2553592205047608 
0.2 0.2565062967936198 
1.0 0.3793359053762335 
1.0 0.2553592205047608 
0.2 0.2565062967936198 
1.0 0.3793359053762335 
1.0 0.2553592205047608 
0.2 0.2565062967936198 
1.0 0.3793359053762335 
1.0 0.2553592205047608 
0.2 0.2565062967936198 
1.0 0.3793359053762335 
1.0 0.2553592205047608 
0.2 0.2565062967936198 
1.0 0.3793359053762335 
1.0 0.2553592205047608 
0.2 0.2565062967936198 
1.0 0.3793359053762335 
1.0 0.2553592205047608 
0.2 0.2565062967936198 
1.0 0.3793359053762335 
1.0 0.2553592205047608 
0.2 0.2565062967936198 
1.0 0.3793359053762335 
1.0 0.2553592205047608 
0.2 0.2565062967936198 
1.0 0.3793359053762335 
1.0 0.2553592205047608 
0.2 0.2565062967936198 
1.0 0.3793359053762335 
1.0 0.2553592205047608 
0.2 0.2565062967936198 
1.0 0.3793359053762335 
1.0 0.2553592205047608 
0.2 0.2565062967936198 
1.0 0.3793359053762335 
1.0 0.2553592205047608 
0.2 0.2565062967936198 
1.0 0.3793359053762335 
1.0 0.2553592205047608 
0.2 0.2565062967936198 
1.0 0.3793359053762335 
1.0 0.2553592205047608 
0.2 0.2565062967936198 
1.0 0.3793359053762335 
1.0 0.2553592205047608 
0.2 0.2565062967936198 
1.0 0.3793359053762335 
1.0 0.2553592205047608 
0.2 0.2565062967936198 
1.0 0.3793359053762335 
1.0 0.2553592205047608 
0.2 0.2565062967936198 
1.0 0.3793359053762335 
1.0 0.2553592205047608 
0.2 0.2565062967936198 
1.0 0.3793359053762335 
1.0 0.2553592205047608 
0.2 0.2565062967936198 
1.0 0.3793359053762335 
1.0 0.2553592205047608 
0.2 0.2565062967936198 
1.0 0.3793359053762335 
1.0 0.2553592205047608 
0.2 0.2565062967936198 
1.0 0.3793359053762335 
1.0 0.2553592205047608 
0.2 0.2565062967936198 
1.0 0.3793359053762335 
1.0 0.2553592205047608 
0.2 0.2565062967936198 
1.0 0.3793359053762335 
1.0 0.2553592205047608 
0.2 0.2565062967936198 
1.0 0.3793359053762335 
1.0 0.2553592205047608 
0.2 0.2565062967936198 
1.0 0.3793359053762335 
1.0 0.2553592205047608 
0.2 0.2565062967936198 
1.0 0.3793359053762335 
1.0 0.2553592205047608 
0.2 0.2565062967936198 
1.0 0.3793359053762335 
1.0 0.2553592205047608 
0.2 0.2565062967936198 
1.0 0.3793359053762335 
1.0 0.2553592205047608 
0.2 0.2565062967936198 
1.0 0.3793359053762335 
1.0 0.2553592205047608 
0.2 0.2565062967936198 
1.0 0.3793359053762335 
1.0 0.2553592205047608 
0.2 0.2565062967936198 
1.0 0.3793359053762335 
1.0 0.2553592205047608 
0.2 0.2565062967936198 
1.0 0.3793359053762335 
1.0 0.2553592205047608 
0.2 0.2565062967936198 
1.0 0.3793359053762335 
1.0 0.2553592205047608 
0.2 0.2565062967936198 
1.0 0.3793359053762335 
1.0 0.2553592205047608 
0.2 0.2565062967936198 
1.0 0.3793359053762335 
1.0 0.2553592205047608 
0.2 0.2564058939615885 
1.0 0.3485043174342105 
1.0 0.49161567687988283 
0.2 0.26030273437499996 
1.0 0.35266826027318054 
1.0 0.5321194171905518 
0.2 0.2641664123535157 
1.0 0.3514746113827354 
1.0 0.517884635925293 
0.2 0.2641664123535157 
1.0 0.3514746113827354 
1.0 0.517884635925293 
0.2 0.2641664123535157 
1.0 0.3514746113827354 
1.0 0.517884635925293 
0.2 0.2641664123535157 
1.0 0.3514746113827354 
1.0 0.517884635925293 
0.2 0.2641664123535157 
1.0 0.3514746113827354 
1.0 0.517884635925293 
0.2 0.2641664123535157 
1.0 0.3514746113827354 
1.0 0.517884635925293 
0.2 0.259454345703125 
1.0 0.34633270062898336 
1.0 0.4984334945678711 
0.2 0.259454345703125 
1.0 0.34633270062898336 
1.0 0.4984334945678711 
0.2 0.2727923583984375 
1.0 0.3463384728682669 
1.0 0.5096785545349121 
0.2 0.2727923583984375 
1.0 0.3463384728682669 
1.0 0.5096785545349121 
0.2 0.2727923583984375 
1.0 0.3463384728682669 
1.0 0.5096785545349121 
0.2 0.2727923583984375 
1.0 0.3463384728682669 
1.0 0.5096785545349121 
0.2 0.2727923583984375 
1.0 0.3463384728682669 
1.0 0.5096785545349121 
0.2 0.2727923583984375 
1.0 0.3463384728682669 
1.0 0.5096785545349121 
0.2 0.2727923583984375 
1.0 0.3463384728682669 
1.0 0.5096785545349121 
0.2 0.2727923583984375 
1.0 0.3463384728682669 
1.0 0.5096785545349121 
0.2 0.2727923583984375 
1.0 0.3463384728682669 
1.0 0.5096785545349121 
0.2 0.2727923583984375 
1.0 0.3463384728682669 
1.0 0.5096785545349121 
0.2 0.2727923583984375 
1.0 0.3463384728682669 
1.0 0.5096785545349121 
0.2 0.2727923583984375 
1.0 0.3463384728682669 
1.0 0.5096785545349121 
0.2 0.2727923583984375 
1.0 0.3463384728682669 
1.0 0.5096785545349121 
0.2 0.2727923583984375 
1.0 0.3463384728682669 
1.0 0.5096785545349121 
0.2 0.2727923583984375 
1.0 0.3463384728682669 
1.0 0.5096785545349121 
0.2 0.2727923583984375 
1.0 0.3463384728682669 
1.0 0.5096785545349121 
0.2 0.2727923583984375 
1.0 0.3463384728682669 
1.0 0.5096785545349121 
0.2 0.2727923583984375 
1.0 0.3463384728682669 
1.0 0.5096785545349121 
0.2 0.2727923583984375 
1.0 0.3463384728682669 
1.0 0.5096785545349121 
0.2 0.2727923583984375 
1.0 0.3463384728682669 
1.0 0.5096785545349121 
0.2 0.2727923583984375 
1.0 0.3463384728682669 
1.0 0.5096785545349121 
0.2 0.2727923583984375 
1.0 0.3463384728682669 
1.0 0.5096785545349121 
0.2 0.2727923583984375 
1.0 0.3463384728682669 
1.0 0.5096785545349121 
0.2 0.2727923583984375 
1.0 0.3463384728682669 
1.0 0.5096785545349121 
0.2 0.2727923583984375 
1.0 0.3463384728682669 
1.0 0.5096785545349121 
0.2 0.2727923583984375 
1.0 0.3463384728682669 
1.0 0.5096785545349121 
0.2 0.2727923583984375 
1.0 0.3463384728682669 
1.0 0.5096785545349121 
0.2 0.2727923583984375 
1.0 0.3463384728682669 
1.0 0.5096785545349121 
0.2 0.2727923583984375 
1.0 0.3463384728682669 
1.0 0.5096785545349121 
0.2 0.2727923583984375 
1.0 0.3463384728682669 
1.0 0.5096785545349121 
0.2 0.2727923583984375 
1.0 0.3463384728682669 
1.0 0.5096785545349121 
0.2 0.2727923583984375 
1.0 0.3463384728682669 
1.0 0.5096785545349121 
0.2 0.2727923583984375 
1.0 0.3463384728682669 
1.0 0.5096785545349121 
0.2 0.2727923583984375 
1.0 0.3463384728682669 
1.0 0.5096785545349121 
0.2 0.2727923583984375 
1.0 0.3463384728682669 
1.0 0.5096785545349121 
0.2 0.2727923583984375 
1.0 0.3463384728682669 
1.0 0.5096785545349121 
0.2 0.2727923583984375 
1.0 0.3463384728682669 
1.0 0.5096785545349121 
0.2 0.2727923583984375 
1.0 0.3463384728682669 
1.0 0.5096785545349121 
0.2 0.2727923583984375 
1.0 0.3463384728682669 
1.0 0.5096785545349121 
0.2 0.2727923583984375 
1.0 0.3463384728682669 
1.0 0.5096785545349121 
0.2 0.2727923583984375 
1.0 0.3463384728682669 
1.0 0.5096785545349121 
0.2 0.2727923583984375 
1.0 0.3463384728682669 
1.0 0.5096785545349121 
0.2 0.2727923583984375 
1.0 0.3463384728682669 
1.0 0.5096785545349121 
0.2 0.2727923583984375 
1.0 0.3463384728682669 
1.0 0.5096785545349121 
0.2 0.2482181803385417 
1.0 0.32523165251079356 
1.0 0.45772600173950195 
0.2 0.2423821512858073 
1.0 0.3219917698910362 
1.0 0.419284725189209 
0.2 0.2423821512858073 
1.0 0.3219917698910362 
1.0 0.419284725189209 
0.2 0.2423821512858073 
1.0 0.3219917698910362 
1.0 0.419284725189209 
0.2 0.2423821512858073 
1.0 0.3219917698910362 
1.0 0.419284725189209 
0.2 0.2423821512858073 
1.0 0.3219917698910362 
1.0 0.419284725189209 
0.2 0.2423821512858073 
1.0 0.3219917698910362 
1.0 0.419284725189209 
0.2 0.2423821512858073 
1.0 0.3219917698910362 
1.0 0.419284725189209 
0.2 0.2423821512858073 
1.0 0.3219917698910362 
1.0 0.419284725189209 
0.2 0.2423821512858073 
1.0 0.3219917698910362 
1.0 0.419284725189209 
0.2 0.2423821512858073 
1.0 0.3219917698910362 
1.0 0.419284725189209 
0.2 0.2423821512858073 
1.0 0.3219917698910362 
1.0 0.419284725189209 
0.2 0.2423821512858073 
1.0 0.3219917698910362 
1.0 0.419284725189209 
0.2 0.2423821512858073 
1.0 0.3219917698910362 
1.0 0.419284725189209 
0.2 0.2423821512858073 
1.0 0.3219917698910362 
1.0 0.419284725189209 
0.2 0.2423821512858073 
1.0 0.3219917698910362 
1.0 0.419284725189209 
0.2 0.2423821512858073 
1.0 0.3219917698910362 
1.0 0.419284725189209 
0.2 0.2423821512858073 
1.0 0.3219917698910362 
1.0 0.419284725189209 
0.2 0.2423821512858073 
1.0 0.3219917698910362 
1.0 0.419284725189209 
0.2 0.2423821512858073 
1.0 0.3219917698910362 
1.0 0.419284725189209 
0.2 0.2423821512858073 
1.0 0.3219917698910362 
1.0 0.419284725189209 
0.2 0.2423821512858073 
1.0 0.3219917698910362 
1.0 0.419284725189209 
0.2 0.2423821512858073 
1.0 0.3219917698910362 
1.0 0.419284725189209 
0.2 0.2423821512858073 
1.0 0.3219917698910362 
1.0 0.419284725189209 
0.2 0.2423821512858073 
1.0 0.3219917698910362 
1.0 0.419284725189209 
0.2 0.2423821512858073 
1.0 0.3219917698910362 
1.0 0.419284725189209 
0.2 0.2423821512858073 
1.0 0.3219917698910362 
1.0 0.419284725189209 
0.2 0.2423821512858073 
1.0 0.3219917698910362 
1.0 0.419284725189209 
0.2 0.2423821512858073 
1.0 0.3219917698910362 
1.0 0.419284725189209 
0.2 0.2423821512858073 
1.0 0.3219917698910362 
1.0 0.419284725189209 
0.2 0.2423821512858073 
1.0 0.3219917698910362 
1.0 0.419284725189209 
0.2 0.2423821512858073 
1.0 0.3219917698910362 
1.0 0.419284725189209 
0.2 0.2423821512858073 
1.0 0.3219917698910362 
1.0 0.419284725189209 
0.2 0.2423821512858073 
1.0 0.3219917698910362 
1.0 0.419284725189209 
0.2 0.2423821512858073 
1.0 0.3219917698910362 
1.0 0.419284725189209 
0.2 0.2620382690429688 
1.0 0.31929407621684824 
1.0 0.5081598281860351 
0.2 0.2581021118164063 
1.0 0.3228038988615337 
1.0 0.48001031875610356 
0.2 0.2581021118164063 
1.0 0.3228038988615337 
1.0 0.48001031875610356 
0.2 0.2581021118164063 
1.0 0.3228038988615337 
1.0 0.48001031875610356 
0.2 0.2581021118164063 
1.0 0.3228038988615337 
1.0 0.48001031875610356 
0.2 0.2581021118164063 
1.0 0.3228038988615337 
1.0 0.48001031875610356 
0.2 0.2581021118164063 
1.0 0.3228038988615337 
1.0 0.48001031875610356 
0.2 0.2581021118164063 
1.0 0.3228038988615337 
1.0 0.48001031875610356 
0.2 0.2581021118164063 
1.0 0.3228038988615337 
1.0 0.48001031875610356 
0.2 0.2581021118164063 
1.0 0.3228038988615337 
1.0 0.48001031875610356 
0.2 0.2581021118164063 
1.0 0.3228038988615337 
1.0 0.48001031875610356 
0.2 0.2581021118164063 
1.0 0.3228038988615337 
1.0 0.48001031875610356 
0.2 0.2581021118164063 
1.0 0.3228038988615337 
1.0 0.48001031875610356 
0.2 0.2581021118164063 
1.0 0.3228038988615337 
1.0 0.48001031875610356 
0.2 0.2581021118164063 
1.0 0.3228038988615337 
1.0 0.48001031875610356 
0.2 0.2581021118164063 
1.0 0.3228038988615337 
1.0 0.48001031875610356 
0.2 0.2581021118164063 
1.0 0.3228038988615337 
1.0 0.48001031875610356 
0.2 0.26221979777018234 
1.0 0.3228912855449476 
1.0 0.48120341300964353 
0.2 0.26221979777018234 
1.0 0.3228912855449476 
1.0 0.48120341300964353 
0.2 0.26221979777018234 
1.0 0.3228912855449476 
1.0 0.48120341300964353 
0.2 0.26221979777018234 
1.0 0.3228912855449476 
1.0 0.48120341300964353 
0.2 0.26221979777018234 
1.0 0.3228912855449476 
1.0 0.48120341300964353 
0.2 0.26221979777018234 
1.0 0.3228912855449476 
1.0 0.48120341300964353 
0.2 0.26221979777018234 
1.0 0.3228912855449476 
1.0 0.48120341300964353 
0.2 0.26221979777018234 
1.0 0.3228912855449476 
1.0 0.48120341300964353 
0.2 0.26221979777018234 
1.0 0.3228912855449476 
1.0 0.48120341300964353 
0.2 0.26221979777018234 
1.0 0.3228912855449476 
1.0 0.48120341300964353 
0.2 0.26221979777018234 
1.0 0.3228912855449476 
1.0 0.48120341300964353 
0.2 0.26221979777018234 
1.0 0.3228912855449476 
1.0 0.48120341300964353 
0.2 0.26221979777018234 
1.0 0.3228912855449476 
1.0 0.48120341300964353 
0.2 0.26221979777018234 
1.0 0.3228912855449476 
1.0 0.48120341300964353 
0.2 0.26221979777018234 
1.0 0.3228912855449476 
1.0 0.48120341300964353 
0.2 0.26221979777018234 
1.0 0.3228912855449476 
1.0 0.48120341300964353 
0.2 0.26221979777018234 
1.0 0.3228912855449476 
1.0 0.48120341300964353 
0.2 0.26221979777018234 
1.0 0.3228912855449476 
1.0 0.48120341300964353 
0.2 0.26221979777018234 
1.0 0.3228912855449476 
1.0 0.48120341300964353 
0.2 0.26221979777018234 
1.0 0.3228912855449476 
1.0 0.48120341300964353 
0.2 0.26221979777018234 
1.0 0.3228912855449476 
1.0 0.48120341300964353 
0.2 0.26221979777018234 
1.0 0.3228912855449476 
1.0 0.48120341300964353 
0.2 0.26221979777018234 
1.0 0.3228912855449476 
1.0 0.48120341300964353 
0.2 0.26221979777018234 
1.0 0.3228912855449476 
1.0 0.48120341300964353 
0.2 0.26221979777018234 
1.0 0.3228912855449476 
1.0 0.48120341300964353 
0.2 0.26221979777018234 
1.0 0.3228912855449476 
1.0 0.48120341300964353 
0.2 0.26221979777018234 
1.0 0.3228912855449476 
1.0 0.48120341300964353 
0.2 0.26221979777018234 
1.0 0.3228912855449476 
1.0 0.48120341300964353 
0.2 0.26221979777018234 
1.0 0.3228912855449476 
1.0 0.48120341300964353 
0.2 0.26221979777018234 
1.0 0.3228912855449476 
1.0 0.48120341300964353 
0.2 0.26221979777018234 
1.0 0.3228912855449476 
1.0 0.48120341300964353 
0.2 0.26221979777018234 
1.0 0.3228912855449476 
1.0 0.48120341300964353 
0.2 0.26221979777018234 
1.0 0.3228912855449476 
1.0 0.48120341300964353 
0.2 0.26221979777018234 
1.0 0.3228912855449476 
1.0 0.48120341300964353 
0.2 0.26221979777018234 
1.0 0.3228912855449476 
1.0 0.48120341300964353 
0.2 0.26221979777018234 
1.0 0.3228912855449476 
1.0 0.48120341300964353 
0.2 0.26221979777018234 
1.0 0.3228912855449476 
1.0 0.48120341300964353 
0.2 0.26221979777018234 
1.0 0.3228912855449476 
1.0 0.48120341300964353 
0.2 0.26221979777018234 
1.0 0.3228912855449476 
1.0 0.48120341300964353 
0.2 0.26221979777018234 
1.0 0.3228912855449476 
1.0 0.48120341300964353 
0.2 0.26221979777018234 
1.0 0.3228912855449476 
1.0 0.48120341300964353 
0.2 0.26221979777018234 
1.0 0.3228912855449476 
1.0 0.48120341300964353 
0.2 0.26221979777018234 
1.0 0.3228912855449476 
1.0 0.48120341300964353 
0.2 0.26221979777018234 
1.0 0.3228912855449476 
1.0 0.48120341300964353 
0.2 0.26221979777018234 
1.0 0.3228912855449476 
1.0 0.48120341300964353 
0.2 0.26221979777018234 
1.0 0.3228912855449476 
1.0 0.48120341300964353 
0.2 0.26221979777018234 
1.0 0.3228912855449476 
1.0 0.48120341300964353 
0.2 0.26221979777018234 
1.0 0.3228912855449476 
1.0 0.48120341300964353 
0.2 0.26221979777018234 
1.0 0.3228912855449476 
1.0 0.48120341300964353 
0.2 0.26221979777018234 
1.0 0.3228912855449476 
1.0 0.48120341300964353 
0.2 0.26221979777018234 
1.0 0.3228912855449476 
1.0 0.48120341300964353 
0.2 0.26221979777018234 
1.0 0.3228912855449476 
1.0 0.48120341300964353 
0.2 0.26221979777018234 
1.0 0.3228912855449476 
1.0 0.48120341300964353 
0.2 0.26221979777018234 
1.0 0.3228912855449476 
1.0 0.48120341300964353 
0.2 0.26221979777018234 
1.0 0.3228912855449476 
1.0 0.48120341300964353 
0.2 0.26221979777018234 
1.0 0.3228912855449476 
1.0 0.48120341300964353 
0.2 0.26221979777018234 
1.0 0.3228912855449476 
1.0 0.48120341300964353 
0.2 0.26221979777018234 
1.0 0.3228912855449476 
1.0 0.48120341300964353 
0.2 0.26221979777018234 
1.0 0.3228912855449476 
1.0 0.48120341300964353 
0.2 0.26221979777018234 
1.0 0.3228912855449476 
1.0 0.48120341300964353 
0.2 0.26221979777018234 
1.0 0.3228912855449476 
1.0 0.48120341300964353 
0.2 0.26221979777018234 
1.0 0.3228912855449476 
1.0 0.48120341300964353 
0.2 0.26221979777018234 
1.0 0.3228912855449476 
1.0 0.48120341300964353 
0.2 0.26221979777018234 
1.0 0.3228912855449476 
1.0 0.48120341300964353 
0.2 0.26221979777018234 
1.0 0.3228912855449476 
1.0 0.48120341300964353 
0.2 0.26221979777018234 
1.0 0.3228912855449476 
1.0 0.48120341300964353 
0.2 0.26221979777018234 
1.0 0.3228912855449476 
1.0 0.48120341300964353 
0.2 0.26221979777018234 
1.0 0.3228912855449476 
1.0 0.48120341300964353 
0.2 0.26221979777018234 
1.0 0.3228912855449476 
1.0 0.48120341300964353 
0.2 0.26221979777018234 
1.0 0.3228912855449476 
1.0 0.48120341300964353 
0.2 0.26221979777018234 
1.0 0.3228912855449476 
1.0 0.48120341300964353 
0.2 0.26221979777018234 
1.0 0.3228912855449476 
1.0 0.48120341300964353 
0.2 0.26221979777018234 
1.0 0.3228912855449476 
1.0 0.48120341300964353 
0.2 0.26221979777018234 
1.0 0.3228912855449476 
1.0 0.48120341300964353 
0.2 0.26221979777018234 
1.0 0.3228912855449476 
1.0 0.48120341300964353 
0.2 0.26221979777018234 
1.0 0.3228912855449476 
1.0 0.48120341300964353 
0.2 0.26221979777018234 
1.0 0.3228912855449476 
1.0 0.48120341300964353 
0.2 0.26221979777018234 
1.0 0.3228912855449476 
1.0 0.48120341300964353 
0.2 0.26221979777018234 
1.0 0.3228912855449476 
1.0 0.48120341300964353 
0.2 0.26221979777018234 
1.0 0.3228912855449476 
1.0 0.48120341300964353 
0.2 0.26221979777018234 
1.0 0.3228912855449476 
1.0 0.48120341300964353 
0.2 0.26221979777018234 
1.0 0.3228912855449476 
1.0 0.48120341300964353 
0.2 0.26221979777018234 
1.0 0.3228912855449476 
1.0 0.48120341300964353 
0.2 0.26221979777018234 
1.0 0.3228912855449476 
1.0 0.48120341300964353 
0.2 0.26221979777018234 
1.0 0.3228912855449476 
1.0 0.48120341300964353 
0.2 0.26221979777018234 
1.0 0.3228912855449476 
1.0 0.48120341300964353 
0.2 0.26221979777018234 
1.0 0.3228912855449476 
1.0 0.48120341300964353 
0.2 0.26221979777018234 
1.0 0.3228912855449476 
1.0 0.48120341300964353 
0.2 0.26221979777018234 
1.0 0.3228912855449476 
1.0 0.48120341300964353 
0.2 0.26221979777018234 
1.0 0.3228912855449476 
1.0 0.48120341300964353 
0.2 0.26221979777018234 
1.0 0.3228912855449476 
1.0 0.48120341300964353 
0.2 0.26221979777018234 
1.0 0.3228912855449476 
1.0 0.48120341300964353 
0.2 0.26221979777018234 
1.0 0.3228912855449476 
1.0 0.48120341300964353 
0.2 0.26221979777018234 
1.0 0.3228912855449476 
1.0 0.48120341300964353 
0.2 0.26221979777018234 
1.0 0.3228912855449476 
1.0 0.48120341300964353 
0.2 0.26221979777018234 
1.0 0.3228912855449476 
1.0 0.48120341300964353 
0.2 0.26221979777018234 
1.0 0.3228912855449476 
1.0 0.48120341300964353 
0.2 0.26221979777018234 
1.0 0.3228912855449476 
1.0 0.48120341300964353 
0.2 0.26221979777018234 
1.0 0.3228912855449476 
1.0 0.48120341300964353 
0.2 0.26221979777018234 
1.0 0.3228912855449476 
1.0 0.48120341300964353 
0.2 0.26221979777018234 
1.0 0.3228912855449476 
1.0 0.48120341300964353 
0.2 0.26221979777018234 
1.0 0.3228912855449476 
1.0 0.48120341300964353 
0.2 0.26221979777018234 
1.0 0.3228912855449476 
1.0 0.48120341300964353 
0.2 0.26221979777018234 
1.0 0.3228912855449476 
1.0 0.48120341300964353 
0.2 0.26221979777018234 
1.0 0.3228912855449476 
1.0 0.48120341300964353 
0.2 0.26221979777018234 
1.0 0.3228912855449476 
1.0 0.48120341300964353 
0.2 0.26221979777018234 
1.0 0.3228912855449476 
1.0 0.48120341300964353 
0.2 0.26221979777018234 
1.0 0.3228912855449476 
1.0 0.48120341300964353 
0.2 0.26221979777018234 
1.0 0.3228912855449476 
1.0 0.48120341300964353 
0.2 0.26221979777018234 
1.0 0.3228912855449476 
1.0 0.48120341300964353 
0.2 0.26221979777018234 
1.0 0.3228912855449476 
1.0 0.48120341300964353 
0.2 0.26221979777018234 
1.0 0.3228912855449476 
1.0 0.48120341300964353 
0.2 0.26221979777018234 
1.0 0.3228912855449476 
1.0 0.48120341300964353 
0.2 0.26221979777018234 
1.0 0.3228912855449476 
1.0 0.48120341300964353 
0.2 0.26221979777018234 
1.0 0.3228912855449476 
1.0 0.48120341300964353 
0.2 0.26221979777018234 
1.0 0.3228912855449476 
1.0 0.48120341300964353 
0.2 0.26221979777018234 
1.0 0.3228912855449476 
1.0 0.48120341300964353 
0.2 0.26221979777018234 
1.0 0.3228912855449476 
1.0 0.48120341300964353 
0.2 0.26221979777018234 
1.0 0.3228912855449476 
1.0 0.48120341300964353 
0.2 0.26221979777018234 
1.0 0.3228912855449476 
1.0 0.48120341300964353 
0.2 0.26221979777018234 
1.0 0.3228912855449476 
1.0 0.48120341300964353 
0.2 0.26221979777018234 
1.0 0.3228912855449476 
1.0 0.48120341300964353 
0.2 0.26221979777018234 
1.0 0.3228912855449476 
1.0 0.48120341300964353 
0.2 0.26221979777018234 
1.0 0.3228912855449476 
1.0 0.48120341300964353 
0.2 0.26221979777018234 
1.0 0.3228912855449476 
1.0 0.48120341300964353 
0.2 0.26221979777018234 
1.0 0.3228912855449476 
1.0 0.48120341300964353 
0.2 0.26221979777018234 
1.0 0.3228912855449476 
1.0 0.48120341300964353 
0.2 0.26221979777018234 
1.0 0.3228912855449476 
1.0 0.48120341300964353 
0.2 0.26221979777018234 
1.0 0.3228912855449476 
1.0 0.48120341300964353 
0.2 0.26221979777018234 
1.0 0.3228912855449476 
1.0 0.48120341300964353 
0.2 0.26221979777018234 
1.0 0.3228912855449476 
1.0 0.48120341300964353 
0.2 0.26221979777018234 
1.0 0.3228912855449476 
1.0 0.48120341300964353 
0.2 0.26221979777018234 
1.0 0.3228912855449476 
1.0 0.48120341300964353 
0.2 0.26221979777018234 
1.0 0.3228912855449476 
1.0 0.48120341300964353 
0.2 0.26221979777018234 
1.0 0.3228912855449476 
1.0 0.48120341300964353 
0.2 0.26221979777018234 
1.0 0.3228912855449476 
1.0 0.48120341300964353 
0.2 0.26221979777018234 
1.0 0.3228912855449476 
1.0 0.48120341300964353 
0.2 0.26221979777018234 
1.0 0.3228912855449476 
1.0 0.48120341300964353 
0.2 0.26221979777018234 
1.0 0.3228912855449476 
1.0 0.48120341300964353 
0.2 0.26221979777018234 
1.0 0.3228912855449476 
1.0 0.48120341300964353 
0.2 0.26221979777018234 
1.0 0.3228912855449476 
1.0 0.48120341300964353 
0.2 0.26221979777018234 
1.0 0.3228912855449476 
1.0 0.48120341300964353 
0.2 0.26221979777018234 
1.0 0.3228912855449476 
1.0 0.48120341300964353 
0.2 0.26221979777018234 
1.0 0.3228912855449476 
1.0 0.48120341300964353 
0.2 0.26221979777018234 
1.0 0.3228912855449476 
1.0 0.48120341300964353 
0.2 0.26221979777018234 
1.0 0.3228912855449476 
1.0 0.48120341300964353 
0.2 0.26221979777018234 
1.0 0.3228912855449476 
1.0 0.48120341300964353 
0.2 0.26221979777018234 
1.0 0.3228912855449476 
1.0 0.48120341300964353 
0.2 0.26221979777018234 
1.0 0.3228912855449476 
1.0 0.48120341300964353 
0.2 0.26221979777018234 
1.0 0.3228912855449476 
1.0 0.48120341300964353 
0.2 0.26221979777018234 
1.0 0.3228912855449476 
1.0 0.48120341300964353 
0.2 0.26221979777018234 
1.0 0.3228912855449476 
1.0 0.48120341300964353 
0.2 0.26221979777018234 
1.0 0.3228912855449476 
1.0 0.48120341300964353 
0.2 0.26221979777018234 
1.0 0.3228912855449476 
1.0 0.48120341300964353 
0.2 0.26221979777018234 
1.0 0.3228912855449476 
1.0 0.48120341300964353 
0.2 0.26221979777018234 
1.0 0.3228912855449476 
1.0 0.48120341300964353 
0.2 0.26221979777018234 
1.0 0.3228912855449476 
1.0 0.48120341300964353 
0.2 0.26221979777018234 
1.0 0.3228912855449476 
1.0 0.48120341300964353 
0.2 0.26221979777018234 
1.0 0.3228912855449476 
1.0 0.48120341300964353 
0.2 0.26221979777018234 
1.0 0.3228912855449476 
1.0 0.48120341300964353 
0.2 0.26221979777018234 
1.0 0.3228912855449476 
1.0 0.48120341300964353 
0.2 0.26221979777018234 
1.0 0.3228912855449476 
1.0 0.48120341300964353 
0.2 0.26221979777018234 
1.0 0.3228912855449476 
1.0 0.48120341300964353 
0.2 0.26221979777018234 
1.0 0.3228912855449476 
1.0 0.48120341300964353 
0.2 0.26221979777018234 
1.0 0.3228912855449476 
1.0 0.48120341300964353 
0.2 0.26221979777018234 
1.0 0.3228912855449476 
1.0 0.48120341300964353 
0.2 0.26221979777018234 
1.0 0.3228912855449476 
1.0 0.48120341300964353 
0.2 0.26221979777018234 
1.0 0.3228912855449476 
1.0 0.48120341300964353 
0.2 0.26221979777018234 
1.0 0.3228912855449476 
1.0 0.48120341300964353 
0.2 0.26221979777018234 
1.0 0.3228912855449476 
1.0 0.48120341300964353 
0.2 0.26221979777018234 
1.0 0.3228912855449476 
1.0 0.48120341300964353 
0.2 0.26221979777018234 
1.0 0.3228912855449476 
1.0 0.48120341300964353 
0.2 0.26221979777018234 
1.0 0.3228912855449476 
1.0 0.48120341300964353 
0.2 0.26221979777018234 
1.0 0.3228912855449476 
1.0 0.48120341300964353 
0.2 0.26221979777018234 
1.0 0.3228912855449476 
1.0 0.48120341300964353 
0.2 0.26221979777018234 
1.0 0.3228912855449476 
1.0 0.48120341300964353 
0.2 0.26221979777018234 
1.0 0.3228912855449476 
1.0 0.48120341300964353 
0.2 0.26221979777018234 
1.0 0.3228912855449476 
1.0 0.48120341300964353 
0.2 0.26221979777018234 
1.0 0.3228912855449476 
1.0 0.48120341300964353 
0.2 0.26221979777018234 
1.0 0.3228912855449476 
1.0 0.48120341300964353 
0.2 0.26221979777018234 
1.0 0.3228912855449476 
1.0 0.48120341300964353 
0.2 0.26221979777018234 
1.0 0.3228912855449476 
1.0 0.48120341300964353 
0.2 0.26221979777018234 
1.0 0.3228912855449476 
1.0 0.48120341300964353 
0.2 0.26221979777018234 
1.0 0.3228912855449476 
1.0 0.48120341300964353 
0.2 0.26221979777018234 
1.0 0.3228912855449476 
1.0 0.48120341300964353 
0.2 0.26221979777018234 
1.0 0.3228912855449476 
1.0 0.48120341300964353 
0.2 0.26221979777018234 
1.0 0.3228912855449476 
1.0 0.48120341300964353 
0.2 0.26221979777018234 
1.0 0.3228912855449476 
1.0 0.48120341300964353 
0.2 0.26221979777018234 
1.0 0.3228912855449476 
1.0 0.48120341300964353 
0.2 0.26221979777018234 
1.0 0.3228912855449476 
1.0 0.48120341300964353 
0.2 0.26221979777018234 
1.0 0.3228912855449476 
1.0 0.48120341300964353 
0.2 0.26221979777018234 
1.0 0.3228912855449476 
1.0 0.48120341300964353 
0.2 0.26221979777018234 
1.0 0.3228912855449476 
1.0 0.48120341300964353 
0.2 0.26221979777018234 
1.0 0.3228912855449476 
1.0 0.48120341300964353 
0.2 0.26221979777018234 
1.0 0.3228912855449476 
1.0 0.48120341300964353 
0.2 0.26221979777018234 
1.0 0.3228912855449476 
1.0 0.48120341300964353 
0.2 0.26221979777018234 
1.0 0.3228912855449476 
1.0 0.48120341300964353 
0.2 0.26221979777018234 
1.0 0.3228912855449476 
1.0 0.48120341300964353 
0.2 0.26221979777018234 
1.0 0.3228912855449476 
1.0 0.48120341300964353 
0.2 0.26221979777018234 
1.0 0.3228912855449476 
1.0 0.48120341300964353 
0.2 0.26221979777018234 
1.0 0.3228912855449476 
1.0 0.48120341300964353 
0.2 0.26221979777018234 
1.0 0.3228912855449476 
1.0 0.48120341300964353 
0.2 0.26221979777018234 
1.0 0.3228912855449476 
1.0 0.48120341300964353 
0.2 0.26221979777018234 
1.0 0.3228912855449476 
1.0 0.48120341300964353 
0.2 0.26221979777018234 
1.0 0.3228912855449476 
1.0 0.48120341300964353 
0.2 0.26221979777018234 
1.0 0.3228912855449476 
1.0 0.48120341300964353 
0.2 0.26221979777018234 
1.0 0.3228912855449476 
1.0 0.48120341300964353 
0.2 0.26221979777018234 
1.0 0.3228912855449476 
1.0 0.48120341300964353 
0.2 0.26221979777018234 
1.0 0.3228912855449476 
1.0 0.48120341300964353 
0.2 0.26221979777018234 
1.0 0.3228912855449476 
1.0 0.48120341300964353 
0.2 0.26221979777018234 
1.0 0.3228912855449476 
1.0 0.48120341300964353 
0.2 0.26221979777018234 
1.0 0.3228912855449476 
1.0 0.48120341300964353 
0.2 0.26221979777018234 
1.0 0.3228912855449476 
1.0 0.48120341300964353 
0.2 0.26221979777018234 
1.0 0.3228912855449476 
1.0 0.48120341300964353 
0.2 0.26221979777018234 
1.0 0.3228912855449476 
1.0 0.48120341300964353 
0.2 0.26221979777018234 
1.0 0.3228912855449476 
1.0 0.48120341300964353 
0.2 0.26221979777018234 
1.0 0.3228912855449476 
1.0 0.48120341300964353 
0.2 0.26221979777018234 
1.0 0.3228912855449476 
1.0 0.48120341300964353 
0.2 0.26221979777018234 
1.0 0.3228912855449476 
1.0 0.48120341300964353 
0.2 0.26221979777018234 
1.0 0.3228912855449476 
1.0 0.48120341300964353 
0.2 0.26221979777018234 
1.0 0.3228912855449476 
1.0 0.48120341300964353 
0.2 0.26221979777018234 
1.0 0.3228912855449476 
1.0 0.48120341300964353 
0.2 0.26221979777018234 
1.0 0.3228912855449476 
1.0 0.48120341300964353 
0.2 0.26221979777018234 
1.0 0.3228912855449476 
1.0 0.48120341300964353 
0.2 0.26221979777018234 
1.0 0.3228912855449476 
1.0 0.48120341300964353 
0.2 0.26221979777018234 
1.0 0.3228912855449476 
1.0 0.48120341300964353 
0.2 0.26221979777018234 
1.0 0.3228912855449476 
1.0 0.48120341300964353 
0.2 0.26221979777018234 
1.0 0.3228912855449476 
1.0 0.48120341300964353 
0.2 0.26221979777018234 
1.0 0.3228912855449476 
1.0 0.48120341300964353 
0.2 0.26221979777018234 
1.0 0.3228912855449476 
1.0 0.48120341300964353 
0.2 0.26221979777018234 
1.0 0.3228912855449476 
1.0 0.48120341300964353 
0.2 0.26221979777018234 
1.0 0.3228912855449476 
1.0 0.48120341300964353 
0.2 0.26221979777018234 
1.0 0.3228912855449476 
1.0 0.48120341300964353 
0.2 0.26221979777018234 
1.0 0.3228912855449476 
1.0 0.48120341300964353 
0.2 0.26221979777018234 
1.0 0.3228912855449476 
1.0 0.48120341300964353 
0.2 0.26221979777018234 
1.0 0.3228912855449476 
1.0 0.48120341300964353 
0.2 0.26221979777018234 
1.0 0.3228912855449476 
1.0 0.48120341300964353 
0.2 0.26221979777018234 
1.0 0.3228912855449476 
1.0 0.48120341300964353 
0.2 0.26221979777018234 
1.0 0.3228912855449476 
1.0 0.48120341300964353 
0.2 0.26221979777018234 
1.0 0.3228912855449476 
1.0 0.48120341300964353 
0.2 0.26221979777018234 
1.0 0.3228912855449476 
1.0 0.48120341300964353 
0.2 0.26221979777018234 
1.0 0.3228912855449476 
1.0 0.48120341300964353 
0.2 0.26221979777018234 
1.0 0.3228912855449476 
1.0 0.48120341300964353 
0.2 0.26221979777018234 
1.0 0.3228912855449476 
1.0 0.48120341300964353 
0.2 0.26221979777018234 
1.0 0.3228912855449476 
1.0 0.48120341300964353 
0.2 0.26221979777018234 
1.0 0.3228912855449476 
1.0 0.48120341300964353 
0.2 0.26221979777018234 
1.0 0.3228912855449476 
1.0 0.48120341300964353 
0.2 0.26221979777018234 
1.0 0.3228912855449476 
1.0 0.48120341300964353 
0.2 0.26221979777018234 
1.0 0.3228912855449476 
1.0 0.48120341300964353 
0.2 0.26221979777018234 
1.0 0.3228912855449476 
1.0 0.48120341300964353 
0.2 0.26221979777018234 
1.0 0.3228912855449476 
1.0 0.48120341300964353 
0.2 0.26221979777018234 
1.0 0.3228912855449476 
1.0 0.48120341300964353 
0.2 0.26221979777018234 
1.0 0.3228912855449476 
1.0 0.48120341300964353 
0.2 0.26221979777018234 
1.0 0.3228912855449476 
1.0 0.48120341300964353 
0.2 0.26221979777018234 
1.0 0.3228912855449476 
1.0 0.48120341300964353 
0.2 0.26221979777018234 
1.0 0.3228912855449476 
1.0 0.48120341300964353 
0.2 0.26221979777018234 
1.0 0.3228912855449476 
1.0 0.48120341300964353 
0.2 0.26221979777018234 
1.0 0.3228912855449476 
1.0 0.48120341300964353 
0.2 0.26221979777018234 
1.0 0.3228912855449476 
1.0 0.48120341300964353 
0.2 0.26221979777018234 
1.0 0.3228912855449476 
1.0 0.48120341300964353 
0.2 0.26221979777018234 
1.0 0.3228912855449476 
1.0 0.48120341300964353 
0.2 0.26221979777018234 
1.0 0.3228912855449476 
1.0 0.48120341300964353 
0.2 0.26221979777018234 
1.0 0.3228912855449476 
1.0 0.48120341300964353 
0.2 0.26221979777018234 
1.0 0.3228912855449476 
1.0 0.48120341300964353 
0.2 0.26221979777018234 
1.0 0.3228912855449476 
1.0 0.48120341300964353 
0.2 0.26221979777018234 
1.0 0.3228912855449476 
1.0 0.48120341300964353 
0.2 0.26221979777018234 
1.0 0.3228912855449476 
1.0 0.48120341300964353 
0.2 0.26221979777018234 
1.0 0.3228912855449476 
1.0 0.48120341300964353 
0.2 0.26221979777018234 
1.0 0.3228912855449476 
1.0 0.48120341300964353 
0.2 0.26221979777018234 
1.0 0.3228912855449476 
1.0 0.48120341300964353 
0.2 0.26221979777018234 
1.0 0.3228912855449476 
1.0 0.48120341300964353 
0.2 0.26221979777018234 
1.0 0.3228912855449476 
1.0 0.48120341300964353 
0.2 0.26221979777018234 
1.0 0.3228912855449476 
1.0 0.48120341300964353 
0.2 0.26221979777018234 
1.0 0.3228912855449476 
1.0 0.48120341300964353 
0.2 0.26221979777018234 
1.0 0.3228912855449476 
1.0 0.48120341300964353 
0.2 0.26221979777018234 
1.0 0.3228912855449476 
1.0 0.48120341300964353 
0.2 0.26221979777018234 
1.0 0.3228912855449476 
1.0 0.48120341300964353 
0.2 0.26221979777018234 
1.0 0.3228912855449476 
1.0 0.48120341300964353 
0.2 0.26221979777018234 
1.0 0.3228912855449476 
1.0 0.48120341300964353 
0.2 0.26221979777018234 
1.0 0.3228912855449476 
1.0 0.48120341300964353 
0.2 0.26221979777018234 
1.0 0.3228912855449476 
1.0 0.48120341300964353 
0.2 0.26221979777018234 
1.0 0.3228912855449476 
1.0 0.48120341300964353 
0.2 0.26221979777018234 
1.0 0.3228912855449476 
1.0 0.48120341300964353 
0.2 0.26221979777018234 
1.0 0.3228912855449476 
1.0 0.48120341300964353 
0.2 0.26221979777018234 
1.0 0.3228912855449476 
1.0 0.48120341300964353 
0.2 0.26221979777018234 
1.0 0.3228912855449476 
1.0 0.48120341300964353 
0.2 0.26221979777018234 
1.0 0.3228912855449476 
1.0 0.48120341300964353 
0.2 0.26221979777018234 
1.0 0.3228912855449476 
1.0 0.48120341300964353 
0.2 0.26221979777018234 
1.0 0.3228912855449476 
1.0 0.48120341300964353 
0.2 0.26221979777018234 
1.0 0.3228912855449476 
1.0 0.48120341300964353 
0.2 0.26221979777018234 
1.0 0.3228912855449476 
1.0 0.48120341300964353 
0.2 0.26221979777018234 
1.0 0.3228912855449476 
1.0 0.48120341300964353 
0.2 0.26221979777018234 
1.0 0.3228912855449476 
1.0 0.48120341300964353 
0.2 0.26221979777018234 
1.0 0.3228912855449476 
1.0 0.48120341300964353 
0.2 0.26221979777018234 
1.0 0.3228912855449476 
1.0 0.48120341300964353 
0.2 0.26221979777018234 
1.0 0.3228912855449476 
1.0 0.48120341300964353 
0.2 0.26221979777018234 
1.0 0.3228912855449476 
1.0 0.48120341300964353 
0.2 0.26221979777018234 
1.0 0.3228912855449476 
1.0 0.48120341300964353 
0.2 0.26221979777018234 
1.0 0.3228912855449476 
1.0 0.48120341300964353 
0.2 0.26221979777018234 
1.0 0.3228912855449476 
1.0 0.48120341300964353 
0.2 0.26221979777018234 
1.0 0.3228912855449476 
1.0 0.48120341300964353 
0.2 0.26221979777018234 
1.0 0.3228912855449476 
1.0 0.48120341300964353 
0.2 0.26221979777018234 
1.0 0.3228912855449476 
1.0 0.48120341300964353 
0.2 0.26221979777018234 
1.0 0.3228912855449476 
1.0 0.48120341300964353 
0.2 0.26221979777018234 
1.0 0.3228912855449476 
1.0 0.48120341300964353 
0.2 0.26221979777018234 
1.0 0.3228912855449476 
1.0 0.48120341300964353 
0.2 0.26221979777018234 
1.0 0.3228912855449476 
1.0 0.48120341300964353 
0.2 0.26221979777018234 
1.0 0.3228912855449476 
1.0 0.48120341300964353 
0.2 0.26221979777018234 
1.0 0.3228912855449476 
1.0 0.48120341300964353 
0.2 0.26221979777018234 
1.0 0.3228912855449476 
1.0 0.48120341300964353 
0.2 0.26221979777018234 
1.0 0.3228912855449476 
1.0 0.48120341300964353 
0.2 0.26221979777018234 
1.0 0.3228912855449476 
1.0 0.48120341300964353 
0.2 0.26221979777018234 
1.0 0.3228912855449476 
1.0 0.48120341300964353 
0.2 0.26221979777018234 
1.0 0.3228912855449476 
1.0 0.48120341300964353 
0.2 0.26221979777018234 
1.0 0.3228912855449476 
1.0 0.48120341300964353 
0.2 0.26221979777018234 
1.0 0.3228912855449476 
1.0 0.48120341300964353 
0.2 0.26221979777018234 
1.0 0.3228912855449476 
1.0 0.48120341300964353 
0.2 0.26221979777018234 
1.0 0.3228912855449476 
1.0 0.48120341300964353 
0.2 0.26221979777018234 
1.0 0.3228912855449476 
1.0 0.48120341300964353 
0.2 0.26221979777018234 
1.0 0.3228912855449476 
1.0 0.48120341300964353 
0.2 0.26221979777018234 
1.0 0.3228912855449476 
1.0 0.48120341300964353 
0.2 0.26221979777018234 
1.0 0.3228912855449476 
1.0 0.48120341300964353 
0.2 0.26221979777018234 
1.0 0.3228912855449476 
1.0 0.48120341300964353 
0.2 0.26221979777018234 
1.0 0.3228912855449476 
1.0 0.48120341300964353 
0.2 0.26221979777018234 
1.0 0.3228912855449476 
1.0 0.48120341300964353 
0.2 0.26221979777018234 
1.0 0.3228912855449476 
1.0 0.48120341300964353 
0.2 0.26221979777018234 
1.0 0.3228912855449476 
1.0 0.48120341300964353 
0.2 0.26221979777018234 
1.0 0.3228912855449476 
1.0 0.48120341300964353 
0.2 0.26221979777018234 
1.0 0.3228912855449476 
1.0 0.48120341300964353 
0.2 0.26221979777018234 
1.0 0.3228912855449476 
1.0 0.48120341300964353 
0.2 0.26221979777018234 
1.0 0.3228912855449476 
1.0 0.48120341300964353 
0.2 0.26221979777018234 
1.0 0.3228912855449476 
1.0 0.48120341300964353 
0.2 0.26221979777018234 
1.0 0.3228912855449476 
1.0 0.48120341300964353 
0.2 0.26221979777018234 
1.0 0.3228912855449476 
1.0 0.48120341300964353 
0.2 0.26221979777018234 
1.0 0.3228912855449476 
1.0 0.48120341300964353 
0.2 0.26221979777018234 
1.0 0.3228912855449476 
1.0 0.48120341300964353 
0.2 0.26221979777018234 
1.0 0.3228912855449476 
1.0 0.48120341300964353 
0.2 0.26221979777018234 
1.0 0.3228912855449476 
1.0 0.48120341300964353 
0.2 0.26221979777018234 
1.0 0.3228912855449476 
1.0 0.48120341300964353 
0.2 0.26221979777018234 
1.0 0.3228912855449476 
1.0 0.48120341300964353 
0.2 0.26221979777018234 
1.0 0.3228912855449476 
1.0 0.48120341300964353 
0.2 0.26221979777018234 
1.0 0.3228912855449476 
1.0 0.48120341300964353 
0.2 0.26221979777018234 
1.0 0.3228912855449476 
1.0 0.48120341300964353 
0.2 0.26221979777018234 
1.0 0.3228912855449476 
1.0 0.48120341300964353 
0.2 0.26221979777018234 
1.0 0.3228912855449476 
1.0 0.48120341300964353 
0.2 0.26221979777018234 
1.0 0.3228912855449476 
1.0 0.48120341300964353 
0.2 0.26221979777018234 
1.0 0.3228912855449476 
1.0 0.48120341300964353 
0.2 0.26221979777018234 
1.0 0.3228912855449476 
1.0 0.48120341300964353 
0.2 0.26221979777018234 
1.0 0.3228912855449476 
1.0 0.48120341300964353 
0.2 0.26221979777018234 
1.0 0.3228912855449476 
1.0 0.48120341300964353 
0.2 0.26221979777018234 
1.0 0.3228912855449476 
1.0 0.48120341300964353 
0.2 0.26221979777018234 
1.0 0.3228912855449476 
1.0 0.48120341300964353 
0.2 0.26221979777018234 
1.0 0.3228912855449476 
1.0 0.48120341300964353 
0.2 0.26221979777018234 
1.0 0.3228912855449476 
1.0 0.48120341300964353 
0.2 0.26221979777018234 
1.0 0.3228912855449476 
1.0 0.48120341300964353 
0.2 0.26221979777018234 
1.0 0.3228912855449476 
1.0 0.48120341300964353 
0.2 0.26221979777018234 
1.0 0.3228912855449476 
1.0 0.48120341300964353 
0.2 0.26221979777018234 
1.0 0.3228912855449476 
1.0 0.48120341300964353 
0.2 0.26221979777018234 
1.0 0.3228912855449476 
1.0 0.48120341300964353 
0.2 0.26221979777018234 
1.0 0.3228912855449476 
1.0 0.48120341300964353 
0.2 0.26221979777018234 
1.0 0.3228912855449476 
1.0 0.48120341300964353 
0.2 0.26221979777018234 
1.0 0.3228912855449476 
1.0 0.48120341300964353 
0.2 0.26221979777018234 
1.0 0.3228912855449476 
1.0 0.48120341300964353 
0.2 0.26221979777018234 
1.0 0.3228912855449476 
1.0 0.48120341300964353 
0.2 0.26221979777018234 
1.0 0.3228912855449476 
1.0 0.48120341300964353 
0.2 0.26221979777018234 
1.0 0.3228912855449476 
1.0 0.48120341300964353 
0.2 0.26221979777018234 
1.0 0.3228912855449476 
1.0 0.48120341300964353 
0.2 0.26221979777018234 
1.0 0.3228912855449476 
1.0 0.48120341300964353 
0.2 0.26221979777018234 
1.0 0.3228912855449476 
1.0 0.48120341300964353 
0.2 0.26221979777018234 
1.0 0.3228912855449476 
1.0 0.48120341300964353 
0.2 0.26221979777018234 
1.0 0.3228912855449476 
1.0 0.48120341300964353 
0.2 0.26221979777018234 
1.0 0.3228912855449476 
1.0 0.48120341300964353 
0.2 0.26221979777018234 
1.0 0.3228912855449476 
1.0 0.48120341300964353 
0.2 0.26221979777018234 
1.0 0.3228912855449476 
1.0 0.48120341300964353 
0.2 0.26221979777018234 
1.0 0.3228912855449476 
1.0 0.48120341300964353 
0.2 0.26221979777018234 
1.0 0.3228912855449476 
1.0 0.48120341300964353 
0.2 0.26221979777018234 
1.0 0.3228912855449476 
1.0 0.48120341300964353 
0.2 0.26221979777018234 
1.0 0.3228912855449476 
1.0 0.48120341300964353 
0.2 0.26221979777018234 
1.0 0.3228912855449476 
1.0 0.48120341300964353 
0.2 0.26221979777018234 
1.0 0.3228912855449476 
1.0 0.48120341300964353 
0.2 0.26221979777018234 
1.0 0.3228912855449476 
1.0 0.48120341300964353 
0.2 0.26221979777018234 
1.0 0.3228912855449476 
1.0 0.48120341300964353 
0.2 0.26221979777018234 
1.0 0.3228912855449476 
1.0 0.48120341300964353 
0.2 0.26221979777018234 
1.0 0.3228912855449476 
1.0 0.48120341300964353 
0.2 0.26221979777018234 
1.0 0.3228912855449476 
1.0 0.48120341300964353 
0.2 0.26221979777018234 
1.0 0.3228912855449476 
1.0 0.48120341300964353 
0.2 0.26221979777018234 
1.0 0.3228912855449476 
1.0 0.48120341300964353 
0.2 0.26221979777018234 
1.0 0.3228912855449476 
1.0 0.48120341300964353 
0.2 0.26221979777018234 
1.0 0.3228912855449476 
1.0 0.48120341300964353 
0.2 0.26221979777018234 
1.0 0.3228912855449476 
1.0 0.48120341300964353 
0.2 0.26221979777018234 
1.0 0.3228912855449476 
1.0 0.48120341300964353 
0.2 0.26221979777018234 
1.0 0.3228912855449476 
1.0 0.48120341300964353 
0.2 0.26221979777018234 
1.0 0.3228912855449476 
1.0 0.48120341300964353 
0.2 0.26221979777018234 
1.0 0.3228912855449476 
1.0 0.48120341300964353 
0.2 0.26221979777018234 
1.0 0.3228912855449476 
1.0 0.48120341300964353 
0.2 0.26221979777018234 
1.0 0.3228912855449476 
1.0 0.48120341300964353 
0.2 0.26221979777018234 
1.0 0.3228912855449476 
1.0 0.48120341300964353 
0.2 0.26221979777018234 
1.0 0.3228912855449476 
1.0 0.48120341300964353 
0.2 0.26221979777018234 
1.0 0.3228912855449476 
1.0 0.48120341300964353 
0.2 0.26221979777018234 
1.0 0.3228912855449476 
1.0 0.48120341300964353 
0.2 0.26221979777018234 
1.0 0.3228912855449476 
1.0 0.48120341300964353 
0.2 0.26221979777018234 
1.0 0.3228912855449476 
1.0 0.48120341300964353 
0.2 0.26221979777018234 
1.0 0.3228912855449476 
1.0 0.48120341300964353 
0.2 0.26221979777018234 
1.0 0.3228912855449476 
1.0 0.48120341300964353 
0.2 0.26221979777018234 
1.0 0.3228912855449476 
1.0 0.48120341300964353 
0.2 0.26221979777018234 
1.0 0.3228912855449476 
1.0 0.48120341300964353 
0.2 0.26221979777018234 
1.0 0.3228912855449476 
1.0 0.48120341300964353 
0.2 0.26221979777018234 
1.0 0.3228912855449476 
1.0 0.48120341300964353 
