0.2 0.25115901231765747 
0.2 0.3309980034828186 
0.2 0.331687331199646 
0.2 0.331687331199646 
0.2 0.30574995279312134 
0.2 0.30574995279312134 
0.2 0.28133463859558105 
0.2 0.28133463859558105 
0.2 0.28133463859558105 
0.2 0.28133463859558105 
0.2 0.27377068996429443 
0.2 0.27377068996429443 
0.2 0.2735134959220886 
0.2 0.2735134959220886 
0.2 0.2735134959220886 
0.2 0.2735134959220886 
0.2 0.2735134959220886 
0.2 0.2735134959220886 
0.2 0.2735134959220886 
0.2 0.2735134959220886 
0.2 0.273062527179718 
0.2 0.273062527179718 
0.2 0.273062527179718 
0.2 0.273062527179718 
0.2 0.273062527179718 
0.2 0.273062527179718 
0.2 0.273062527179718 
0.2 0.273062527179718 
0.2 0.2715635895729065 
0.2 0.2715635895729065 
0.2 0.2715635895729065 
0.2 0.2715635895729065 
0.2 0.2715635895729065 
0.2 0.2715635895729065 
0.2 0.2715635895729065 
0.2 0.2715635895729065 
0.2 0.2715635895729065 
0.2 0.2715635895729065 
0.2 0.2715635895729065 
0.2 0.2715635895729065 
0.2 0.2715635895729065 
0.2 0.2715635895729065 
0.2 0.2715635895729065 
0.2 0.2715635895729065 
0.2 0.2715635895729065 
0.2 0.2715635895729065 
0.2 0.2715635895729065 
0.2 0.2715635895729065 
0.2 0.2715635895729065 
0.2 0.2715635895729065 
0.2 0.2715635895729065 
0.2 0.2715635895729065 
0.2 0.2715635895729065 
0.2 0.2715635895729065 
0.2 0.2715635895729065 
0.2 0.2715635895729065 
0.2 0.2715635895729065 
0.2 0.2715635895729065 
0.2 0.2715635895729065 
0.2 0.2715635895729065 
0.2 0.2715635895729065 
0.2 0.2715635895729065 
0.2 0.2715635895729065 
0.2 0.2715635895729065 
0.2 0.2715635895729065 
0.2 0.2715635895729065 
0.2 0.2715635895729065 
0.2 0.2715635895729065 
0.2 0.2715635895729065 
0.2 0.2715635895729065 
0.2 0.2715635895729065 
0.2 0.2715635895729065 
0.2 0.2715635895729065 
0.2 0.2715635895729065 
0.2 0.2715635895729065 
0.2 0.2715635895729065 
0.2 0.2715635895729065 
0.2 0.2715635895729065 
0.2 0.2715635895729065 
0.2 0.2715635895729065 
0.2 0.2715635895729065 
0.2 0.2715635895729065 
0.2 0.2715635895729065 
0.2 0.2715635895729065 
0.2 0.2715635895729065 
0.2 0.2715635895729065 
0.2 0.2715635895729065 
0.2 0.2715635895729065 
0.2 0.2715635895729065 
0.2 0.2715635895729065 
0.2 0.2715635895729065 
0.2 0.2715635895729065 
0.2 0.2715635895729065 
0.2 0.2715635895729065 
0.2 0.2715635895729065 
0.2 0.2715635895729065 
0.2 0.2715635895729065 
0.2 0.2715635895729065 
0.2 0.2715635895729065 
0.2 0.2715635895729065 
0.2 0.2715635895729065 
0.2 0.2715635895729065 
0.2 0.2715635895729065 
0.2 0.2715635895729065 
0.2 0.2715635895729065 
0.2 0.2715635895729065 
0.2 0.2715635895729065 
0.2 0.2715635895729065 
0.2 0.2715635895729065 
0.2 0.2715635895729065 
0.2 0.2715635895729065 
0.2 0.2715635895729065 
0.2 0.302646279335022 
0.2 0.31373369693756104 
0.2 0.31339722871780396 
0.2 0.31339722871780396 
0.2 0.31339722871780396 
0.2 0.31339722871780396 
0.2 0.31339722871780396 
0.2 0.31339722871780396 
0.2 0.30760830640792847 
0.2 0.30760830640792847 
0.2 0.3202860355377197 
0.2 0.3202860355377197 
0.2 0.3202860355377197 
0.2 0.3202860355377197 
0.2 0.3202860355377197 
0.2 0.3202860355377197 
0.2 0.3202860355377197 
0.2 0.3202860355377197 
0.2 0.3202860355377197 
0.2 0.3202860355377197 
0.2 0.3202860355377197 
0.2 0.3202860355377197 
0.2 0.3202860355377197 
0.2 0.3202860355377197 
0.2 0.3202860355377197 
0.2 0.3202860355377197 
0.2 0.3202860355377197 
0.2 0.3202860355377197 
0.2 0.3202860355377197 
0.2 0.3202860355377197 
0.2 0.3202860355377197 
0.2 0.3202860355377197 
0.2 0.3202860355377197 
0.2 0.3202860355377197 
0.2 0.3202860355377197 
0.2 0.3202860355377197 
0.2 0.3202860355377197 
0.2 0.3202860355377197 
0.2 0.3202860355377197 
0.2 0.3202860355377197 
0.2 0.3202860355377197 
0.2 0.3202860355377197 
0.2 0.3202860355377197 
0.2 0.3202860355377197 
0.2 0.3202860355377197 
0.2 0.3202860355377197 
0.2 0.3202860355377197 
0.2 0.3202860355377197 
0.2 0.3202860355377197 
0.2 0.3202860355377197 
0.2 0.3202860355377197 
0.2 0.3202860355377197 
0.2 0.3202860355377197 
0.2 0.3202860355377197 
0.2 0.2918809652328491 
0.2 0.28124797344207764 
0.2 0.28124797344207764 
0.2 0.28124797344207764 
0.2 0.28124797344207764 
0.2 0.28124797344207764 
0.2 0.28124797344207764 
0.2 0.28124797344207764 
0.2 0.28124797344207764 
0.2 0.28124797344207764 
0.2 0.28124797344207764 
0.2 0.28124797344207764 
0.2 0.28124797344207764 
0.2 0.28124797344207764 
0.2 0.28124797344207764 
0.2 0.28124797344207764 
0.2 0.28124797344207764 
0.2 0.28124797344207764 
0.2 0.28124797344207764 
0.2 0.28124797344207764 
0.2 0.28124797344207764 
0.2 0.28124797344207764 
0.2 0.28124797344207764 
0.2 0.28124797344207764 
0.2 0.28124797344207764 
0.2 0.28124797344207764 
0.2 0.28124797344207764 
0.2 0.28124797344207764 
0.2 0.28124797344207764 
0.2 0.28124797344207764 
0.2 0.28124797344207764 
0.2 0.28124797344207764 
0.2 0.28124797344207764 
0.2 0.28124797344207764 
0.2 0.28124797344207764 
0.2 0.3054347038269043 
0.2 0.2990769147872925 
0.2 0.2990769147872925 
0.2 0.2990769147872925 
0.2 0.2990769147872925 
0.2 0.2990769147872925 
0.2 0.2990769147872925 
0.2 0.2990769147872925 
0.2 0.2990769147872925 
0.2 0.2990769147872925 
0.2 0.2990769147872925 
0.2 0.2990769147872925 
0.2 0.2990769147872925 
0.2 0.2990769147872925 
0.2 0.2990769147872925 
0.2 0.2990769147872925 
0.2 0.2990769147872925 
0.2 0.30525583028793335 
0.2 0.30525583028793335 
0.2 0.30525583028793335 
0.2 0.30525583028793335 
0.2 0.30525583028793335 
0.2 0.30525583028793335 
0.2 0.30525583028793335 
0.2 0.30525583028793335 
0.2 0.30525583028793335 
0.2 0.30525583028793335 
0.2 0.30525583028793335 
0.2 0.30525583028793335 
0.2 0.30525583028793335 
0.2 0.30525583028793335 
0.2 0.30525583028793335 
0.2 0.30525583028793335 
0.2 0.30525583028793335 
0.2 0.30525583028793335 
0.2 0.30525583028793335 
0.2 0.30525583028793335 
0.2 0.30525583028793335 
0.2 0.30525583028793335 
0.2 0.30525583028793335 
0.2 0.30525583028793335 
0.2 0.30525583028793335 
0.2 0.30525583028793335 
0.2 0.30525583028793335 
0.2 0.30525583028793335 
0.2 0.30525583028793335 
0.2 0.30525583028793335 
0.2 0.30525583028793335 
0.2 0.30525583028793335 
0.2 0.30525583028793335 
0.2 0.30525583028793335 
0.2 0.30525583028793335 
0.2 0.30525583028793335 
0.2 0.30525583028793335 
0.2 0.30525583028793335 
0.2 0.30525583028793335 
0.2 0.30525583028793335 
0.2 0.30525583028793335 
0.2 0.30525583028793335 
0.2 0.30525583028793335 
0.2 0.30525583028793335 
0.2 0.30525583028793335 
0.2 0.30525583028793335 
0.2 0.30525583028793335 
0.2 0.30525583028793335 
0.2 0.30525583028793335 
0.2 0.30525583028793335 
0.2 0.30525583028793335 
0.2 0.30525583028793335 
0.2 0.30525583028793335 
0.2 0.30525583028793335 
0.2 0.30525583028793335 
0.2 0.30525583028793335 
0.2 0.30525583028793335 
0.2 0.30525583028793335 
0.2 0.30525583028793335 
0.2 0.30525583028793335 
0.2 0.30525583028793335 
0.2 0.30525583028793335 
0.2 0.30525583028793335 
0.2 0.30525583028793335 
0.2 0.30525583028793335 
0.2 0.30525583028793335 
0.2 0.30525583028793335 
0.2 0.30525583028793335 
0.2 0.30525583028793335 
0.2 0.30525583028793335 
0.2 0.30525583028793335 
0.2 0.30525583028793335 
0.2 0.30525583028793335 
0.2 0.30525583028793335 
0.2 0.30525583028793335 
0.2 0.30525583028793335 
0.2 0.30525583028793335 
0.2 0.30525583028793335 
0.2 0.30525583028793335 
0.2 0.30525583028793335 
0.2 0.30525583028793335 
0.2 0.30525583028793335 
0.2 0.30525583028793335 
0.2 0.30525583028793335 
0.2 0.30525583028793335 
0.2 0.30525583028793335 
0.2 0.30525583028793335 
0.2 0.30525583028793335 
0.2 0.30525583028793335 
0.2 0.30525583028793335 
0.2 0.30525583028793335 
0.2 0.30525583028793335 
0.2 0.30525583028793335 
0.2 0.30525583028793335 
0.2 0.30525583028793335 
0.2 0.30525583028793335 
0.2 0.30525583028793335 
0.2 0.30525583028793335 
0.2 0.30525583028793335 
0.2 0.30525583028793335 
0.2 0.30525583028793335 
0.2 0.30525583028793335 
0.2 0.30525583028793335 
0.2 0.30525583028793335 
0.2 0.30525583028793335 
0.2 0.30525583028793335 
0.2 0.30525583028793335 
0.2 0.30525583028793335 
0.2 0.30525583028793335 
0.2 0.30525583028793335 
0.2 0.30525583028793335 
0.2 0.30525583028793335 
0.2 0.30525583028793335 
0.2 0.30525583028793335 
0.2 0.30525583028793335 
0.2 0.30525583028793335 
0.2 0.30525583028793335 
0.2 0.30525583028793335 
0.2 0.30525583028793335 
0.2 0.30525583028793335 
0.2 0.30525583028793335 
0.2 0.30525583028793335 
0.2 0.30525583028793335 
0.2 0.30525583028793335 
0.2 0.30525583028793335 
0.2 0.30525583028793335 
0.2 0.30525583028793335 
0.2 0.30525583028793335 
0.2 0.30525583028793335 
0.2 0.30525583028793335 
0.2 0.30525583028793335 
0.2 0.30525583028793335 
0.2 0.30525583028793335 
0.2 0.30525583028793335 
0.2 0.30525583028793335 
0.2 0.30525583028793335 
0.2 0.30525583028793335 
0.2 0.30525583028793335 
0.2 0.30525583028793335 
0.2 0.30525583028793335 
0.2 0.30525583028793335 
0.2 0.30525583028793335 
0.2 0.30525583028793335 
0.2 0.30525583028793335 
0.2 0.30525583028793335 
0.2 0.30525583028793335 
0.2 0.30525583028793335 
0.2 0.30525583028793335 
0.2 0.30525583028793335 
0.2 0.30525583028793335 
0.2 0.30525583028793335 
0.2 0.30525583028793335 
0.2 0.30525583028793335 
0.2 0.30525583028793335 
0.2 0.30525583028793335 
0.2 0.30525583028793335 
0.2 0.30525583028793335 
0.2 0.30525583028793335 
0.2 0.30525583028793335 
0.2 0.30525583028793335 
0.2 0.30525583028793335 
0.2 0.30525583028793335 
0.2 0.30525583028793335 
0.2 0.30525583028793335 
0.2 0.30525583028793335 
0.2 0.30525583028793335 
0.2 0.30525583028793335 
0.2 0.30525583028793335 
0.2 0.30525583028793335 
0.2 0.30525583028793335 
0.2 0.30525583028793335 
0.2 0.30525583028793335 
0.2 0.30525583028793335 
0.2 0.30525583028793335 
0.2 0.30525583028793335 
0.2 0.30525583028793335 
0.2 0.30525583028793335 
0.2 0.30525583028793335 
0.2 0.30525583028793335 
0.2 0.30525583028793335 
0.2 0.30525583028793335 
0.2 0.30525583028793335 
0.2 0.30525583028793335 
0.2 0.30525583028793335 
0.2 0.30525583028793335 
0.2 0.30525583028793335 
0.2 0.30525583028793335 
0.2 0.30525583028793335 
0.2 0.30525583028793335 
0.2 0.30525583028793335 
0.2 0.30525583028793335 
0.2 0.30525583028793335 
0.2 0.30525583028793335 
0.2 0.30525583028793335 
0.2 0.30525583028793335 
0.2 0.30525583028793335 
0.2 0.30525583028793335 
0.2 0.30525583028793335 
0.2 0.30525583028793335 
0.2 0.30525583028793335 
0.2 0.30525583028793335 
0.2 0.30525583028793335 
0.2 0.30525583028793335 
0.2 0.30525583028793335 
0.2 0.30525583028793335 
0.2 0.30525583028793335 
0.2 0.30525583028793335 
0.2 0.30525583028793335 
0.2 0.30525583028793335 
0.2 0.30525583028793335 
0.2 0.30525583028793335 
0.2 0.30525583028793335 
0.2 0.30525583028793335 
0.2 0.30525583028793335 
0.2 0.30525583028793335 
0.2 0.30525583028793335 
0.2 0.30525583028793335 
0.2 0.30525583028793335 
0.2 0.30525583028793335 
0.2 0.30525583028793335 
0.2 0.30525583028793335 
0.2 0.30525583028793335 
0.2 0.30525583028793335 
0.2 0.30525583028793335 
0.2 0.30525583028793335 
0.2 0.30525583028793335 
0.2 0.30525583028793335 
0.2 0.30525583028793335 
0.2 0.30525583028793335 
0.2 0.30525583028793335 
0.2 0.30525583028793335 
0.2 0.30525583028793335 
0.2 0.30525583028793335 
0.2 0.30525583028793335 
0.2 0.30525583028793335 
0.2 0.30525583028793335 
0.2 0.30525583028793335 
0.2 0.30525583028793335 
0.2 0.30525583028793335 
0.2 0.30525583028793335 
0.2 0.30525583028793335 
0.2 0.30525583028793335 
0.2 0.30525583028793335 
0.2 0.30525583028793335 
0.2 0.30525583028793335 
0.2 0.30525583028793335 
0.2 0.30525583028793335 
0.2 0.30525583028793335 
0.2 0.30525583028793335 
0.2 0.30525583028793335 
0.2 0.30525583028793335 
0.2 0.30525583028793335 
0.2 0.30525583028793335 
0.2 0.30525583028793335 
0.2 0.30525583028793335 
0.2 0.30525583028793335 
0.2 0.30525583028793335 
0.2 0.30525583028793335 
0.2 0.30525583028793335 
0.2 0.30525583028793335 
0.2 0.30525583028793335 
0.2 0.30525583028793335 
0.2 0.30525583028793335 
0.2 0.30525583028793335 
0.2 0.30525583028793335 
0.2 0.30525583028793335 
0.2 0.30525583028793335 
0.2 0.30525583028793335 
0.2 0.30525583028793335 
0.2 0.30525583028793335 
0.2 0.30525583028793335 
0.2 0.30525583028793335 
0.2 0.30525583028793335 
0.2 0.30525583028793335 
0.2 0.30525583028793335 
0.2 0.30525583028793335 
0.2 0.30525583028793335 
0.2 0.30525583028793335 
0.2 0.30525583028793335 
0.2 0.30525583028793335 
0.2 0.30525583028793335 
0.2 0.30525583028793335 
0.2 0.30525583028793335 
0.2 0.30525583028793335 
0.2 0.30525583028793335 
0.2 0.30525583028793335 
0.2 0.30525583028793335 
0.2 0.30525583028793335 
0.2 0.30525583028793335 
0.2 0.30525583028793335 
0.2 0.30525583028793335 
0.2 0.30525583028793335 
0.2 0.30525583028793335 
0.2 0.30525583028793335 
0.2 0.30525583028793335 
0.2 0.30525583028793335 
0.2 0.30525583028793335 
0.2 0.30525583028793335 
0.2 0.30525583028793335 
0.2 0.30525583028793335 
0.2 0.30525583028793335 
0.2 0.30525583028793335 
0.2 0.30525583028793335 
0.2 0.30525583028793335 
0.2 0.30525583028793335 
0.2 0.30525583028793335 
0.2 0.30525583028793335 
0.2 0.30525583028793335 
0.2 0.30525583028793335 
0.2 0.30525583028793335 
0.2 0.30525583028793335 
0.2 0.30525583028793335 
0.2 0.30525583028793335 
0.2 0.30525583028793335 
0.2 0.30525583028793335 
0.2 0.30525583028793335 
0.2 0.30525583028793335 
0.2 0.30525583028793335 
0.2 0.30525583028793335 
0.2 0.30525583028793335 
0.2 0.30525583028793335 
0.2 0.30525583028793335 
0.2 0.30525583028793335 
0.2 0.30525583028793335 
0.2 0.30525583028793335 
0.2 0.30525583028793335 
0.2 0.30525583028793335 
0.2 0.30525583028793335 
0.2 0.30525583028793335 
0.2 0.30525583028793335 
0.2 0.30525583028793335 
0.2 0.30525583028793335 
0.2 0.30525583028793335 
0.2 0.30525583028793335 
0.2 0.30525583028793335 
0.2 0.30525583028793335 
0.2 0.30525583028793335 
0.2 0.30525583028793335 
0.2 0.30525583028793335 
0.2 0.30525583028793335 
0.2 0.30525583028793335 
0.2 0.30525583028793335 
0.2 0.30525583028793335 
0.2 0.30525583028793335 
0.2 0.30525583028793335 
0.2 0.30525583028793335 
0.2 0.30525583028793335 
0.2 0.30525583028793335 
0.2 0.30525583028793335 
0.2 0.30525583028793335 
0.2 0.30525583028793335 
0.2 0.30525583028793335 
0.2 0.30525583028793335 
0.2 0.30525583028793335 
0.2 0.30525583028793335 
0.2 0.30525583028793335 
0.2 0.30525583028793335 
0.2 0.30525583028793335 
0.2 0.30525583028793335 
0.2 0.30525583028793335 
0.2 0.30525583028793335 
0.2 0.30525583028793335 
0.2 0.30525583028793335 
0.2 0.30525583028793335 
0.2 0.30525583028793335 
0.2 0.30525583028793335 
0.2 0.30525583028793335 
0.2 0.30525583028793335 
0.2 0.30525583028793335 
0.2 0.30525583028793335 
0.2 0.30525583028793335 
0.2 0.30525583028793335 
0.2 0.30525583028793335 
0.2 0.30525583028793335 
0.2 0.30525583028793335 
0.2 0.30525583028793335 
0.2 0.30525583028793335 
0.2 0.30525583028793335 
0.2 0.30525583028793335 
0.2 0.30525583028793335 
0.2 0.30525583028793335 
0.2 0.30525583028793335 
0.2 0.30525583028793335 
0.2 0.30525583028793335 
0.2 0.30525583028793335 
0.2 0.30525583028793335 
0.2 0.30525583028793335 
0.2 0.30525583028793335 
0.2 0.30525583028793335 
0.2 0.30525583028793335 
0.2 0.30525583028793335 
0.2 0.30525583028793335 
0.2 0.30525583028793335 
0.2 0.30525583028793335 
0.2 0.30525583028793335 
0.2 0.30525583028793335 
0.2 0.30525583028793335 
0.2 0.30525583028793335 
0.2 0.30525583028793335 
0.2 0.30525583028793335 
0.2 0.30525583028793335 
0.2 0.30525583028793335 
0.2 0.30525583028793335 
0.2 0.30525583028793335 
0.2 0.30525583028793335 
0.2 0.30525583028793335 
0.2 0.30525583028793335 
0.2 0.30525583028793335 
