2.0 0.6940141858552631 
2.0 0.7823785293311404 
2.0 0.504312808388158 
2.0 0.504312808388158 
2.0 0.4808190703810307 
2.0 0.4808190703810307 
2.0 0.4151180441337719 
2.0 0.4151180441337719 
2.0 0.4151180441337719 
2.0 0.4151180441337719 
2.0 0.38718021861293855 
2.0 0.38718021861293855 
2.0 0.38984083744517545 
2.0 0.38984083744517545 
2.0 0.38984083744517545 
2.0 0.38984083744517545 
2.0 0.38984083744517545 
2.0 0.38984083744517545 
2.0 0.38984083744517545 
2.0 0.38984083744517545 
2.0 0.3615174410635965 
2.0 0.3615174410635965 
2.0 0.3615174410635965 
2.0 0.3615174410635965 
2.0 0.3615174410635965 
2.0 0.3615174410635965 
2.0 0.3615174410635965 
2.0 0.3615174410635965 
2.0 0.3839255242598684 
2.0 0.3839255242598684 
2.0 0.3839255242598684 
2.0 0.3839255242598684 
2.0 0.3839255242598684 
2.0 0.3839255242598684 
2.0 0.3839255242598684 
2.0 0.3839255242598684 
2.0 0.3839255242598684 
2.0 0.3839255242598684 
2.0 0.3839255242598684 
2.0 0.3839255242598684 
2.0 0.3839255242598684 
2.0 0.3839255242598684 
2.0 0.3839255242598684 
2.0 0.3839255242598684 
2.0 0.3839255242598684 
2.0 0.3839255242598684 
2.0 0.3839255242598684 
2.0 0.3839255242598684 
2.0 0.3839255242598684 
2.0 0.3839255242598684 
2.0 0.3839255242598684 
2.0 0.3839255242598684 
2.0 0.3839255242598684 
2.0 0.3839255242598684 
2.0 0.3839255242598684 
2.0 0.3839255242598684 
2.0 0.3839255242598684 
2.0 0.3839255242598684 
2.0 0.3839255242598684 
2.0 0.3839255242598684 
2.0 0.3839255242598684 
2.0 0.3839255242598684 
2.0 0.3839255242598684 
2.0 0.3839255242598684 
2.0 0.3839255242598684 
2.0 0.3839255242598684 
2.0 0.3839255242598684 
2.0 0.3839255242598684 
2.0 0.3839255242598684 
2.0 0.3839255242598684 
2.0 0.3839255242598684 
2.0 0.3839255242598684 
2.0 0.3839255242598684 
2.0 0.3839255242598684 
2.0 0.3839255242598684 
2.0 0.3839255242598684 
2.0 0.3839255242598684 
2.0 0.3839255242598684 
2.0 0.3839255242598684 
2.0 0.3839255242598684 
2.0 0.3839255242598684 
2.0 0.3839255242598684 
2.0 0.3839255242598684 
2.0 0.3839255242598684 
2.0 0.3839255242598684 
2.0 0.3839255242598684 
2.0 0.3839255242598684 
2.0 0.3839255242598684 
2.0 0.3839255242598684 
2.0 0.3839255242598684 
2.0 0.3839255242598684 
2.0 0.3839255242598684 
2.0 0.3839255242598684 
2.0 0.3839255242598684 
2.0 0.3839255242598684 
2.0 0.3839255242598684 
2.0 0.3839255242598684 
2.0 0.3839255242598684 
2.0 0.3839255242598684 
2.0 0.3839255242598684 
2.0 0.3839255242598684 
2.0 0.3839255242598684 
2.0 0.3839255242598684 
2.0 0.3839255242598684 
2.0 0.3839255242598684 
2.0 0.3839255242598684 
2.0 0.3839255242598684 
2.0 0.3839255242598684 
2.0 0.3839255242598684 
2.0 0.3839255242598684 
2.0 0.3839255242598684 
2.0 0.3839255242598684 
2.0 0.5843193188048246 
2.0 0.7088715135005483 
2.0 0.5653770045230264 
2.0 0.5653770045230264 
2.0 0.5653770045230264 
2.0 0.5653770045230264 
2.0 0.5653770045230264 
2.0 0.5653770045230264 
2.0 0.5474716882538377 
2.0 0.5474716882538377 
2.0 0.5225499417489036 
2.0 0.5225499417489036 
2.0 0.5225499417489036 
2.0 0.5225499417489036 
2.0 0.5225499417489036 
2.0 0.5225499417489036 
2.0 0.5225499417489036 
2.0 0.5225499417489036 
2.0 0.5225499417489036 
2.0 0.5225499417489036 
2.0 0.5225499417489036 
2.0 0.5225499417489036 
2.0 0.5225499417489036 
2.0 0.5225499417489036 
2.0 0.5225499417489036 
2.0 0.5225499417489036 
2.0 0.5225499417489036 
2.0 0.5225499417489036 
2.0 0.5225499417489036 
2.0 0.5225499417489036 
2.0 0.5225499417489036 
2.0 0.5225499417489036 
2.0 0.5225499417489036 
2.0 0.5225499417489036 
2.0 0.5225499417489036 
2.0 0.5225499417489036 
2.0 0.5225499417489036 
2.0 0.5225499417489036 
2.0 0.5225499417489036 
2.0 0.5225499417489036 
2.0 0.5225499417489036 
2.0 0.5225499417489036 
2.0 0.5225499417489036 
2.0 0.5225499417489036 
2.0 0.5225499417489036 
2.0 0.5225499417489036 
2.0 0.5225499417489036 
2.0 0.5225499417489036 
2.0 0.5225499417489036 
2.0 0.5225499417489036 
2.0 0.5225499417489036 
2.0 0.5225499417489036 
2.0 0.5225499417489036 
2.0 0.5225499417489036 
2.0 0.5011362390350877 
2.0 0.4182203005071272 
2.0 0.4182203005071272 
2.0 0.4182203005071272 
2.0 0.4182203005071272 
2.0 0.4182203005071272 
2.0 0.4182203005071272 
2.0 0.4182203005071272 
2.0 0.4182203005071272 
2.0 0.4182203005071272 
2.0 0.4182203005071272 
2.0 0.4182203005071272 
2.0 0.4182203005071272 
2.0 0.4182203005071272 
2.0 0.4182203005071272 
2.0 0.4182203005071272 
2.0 0.4182203005071272 
2.0 0.4182203005071272 
2.0 0.4182203005071272 
2.0 0.4182203005071272 
2.0 0.4182203005071272 
2.0 0.4182203005071272 
2.0 0.4182203005071272 
2.0 0.4182203005071272 
2.0 0.4182203005071272 
2.0 0.4182203005071272 
2.0 0.4182203005071272 
2.0 0.4182203005071272 
2.0 0.4182203005071272 
2.0 0.4182203005071272 
2.0 0.4182203005071272 
2.0 0.4182203005071272 
2.0 0.4182203005071272 
2.0 0.4182203005071272 
2.0 0.4182203005071272 
2.0 0.41036869517543856 
2.0 0.3809253358004386 
2.0 0.3809253358004386 
2.0 0.3809253358004386 
2.0 0.3809253358004386 
2.0 0.3809253358004386 
2.0 0.3809253358004386 
2.0 0.3809253358004386 
2.0 0.3809253358004386 
2.0 0.3809253358004386 
2.0 0.3809253358004386 
2.0 0.3809253358004386 
2.0 0.3809253358004386 
2.0 0.3809253358004386 
2.0 0.3809253358004386 
2.0 0.3809253358004386 
2.0 0.3809253358004386 
2.0 0.3753848427220395 
2.0 0.3753848427220395 
2.0 0.3753848427220395 
2.0 0.3753848427220395 
2.0 0.3753848427220395 
2.0 0.3753848427220395 
2.0 0.3753848427220395 
2.0 0.3753848427220395 
2.0 0.3753848427220395 
2.0 0.3753848427220395 
2.0 0.3753848427220395 
2.0 0.3753848427220395 
2.0 0.3753848427220395 
2.0 0.3753848427220395 
2.0 0.3753848427220395 
2.0 0.3753848427220395 
2.0 0.3753848427220395 
2.0 0.3753848427220395 
2.0 0.3753848427220395 
2.0 0.3753848427220395 
2.0 0.3753848427220395 
2.0 0.3753848427220395 
2.0 0.3753848427220395 
2.0 0.3753848427220395 
2.0 0.3753848427220395 
2.0 0.3753848427220395 
2.0 0.3753848427220395 
2.0 0.3753848427220395 
2.0 0.3753848427220395 
2.0 0.3753848427220395 
2.0 0.3753848427220395 
2.0 0.3753848427220395 
2.0 0.3753848427220395 
2.0 0.3753848427220395 
2.0 0.3753848427220395 
2.0 0.3753848427220395 
2.0 0.3753848427220395 
2.0 0.3753848427220395 
2.0 0.3753848427220395 
2.0 0.3753848427220395 
2.0 0.3753848427220395 
2.0 0.3753848427220395 
2.0 0.3753848427220395 
2.0 0.3753848427220395 
2.0 0.3753848427220395 
2.0 0.3753848427220395 
2.0 0.3753848427220395 
2.0 0.3753848427220395 
2.0 0.3753848427220395 
2.0 0.3753848427220395 
2.0 0.3753848427220395 
2.0 0.3753848427220395 
2.0 0.3753848427220395 
2.0 0.3753848427220395 
2.0 0.3753848427220395 
2.0 0.3753848427220395 
2.0 0.3753848427220395 
2.0 0.3753848427220395 
2.0 0.3753848427220395 
2.0 0.3753848427220395 
2.0 0.3753848427220395 
2.0 0.3753848427220395 
2.0 0.3753848427220395 
2.0 0.3753848427220395 
2.0 0.3753848427220395 
2.0 0.3753848427220395 
2.0 0.3753848427220395 
2.0 0.3753848427220395 
2.0 0.3753848427220395 
2.0 0.3753848427220395 
2.0 0.3753848427220395 
2.0 0.3753848427220395 
2.0 0.3753848427220395 
2.0 0.3753848427220395 
2.0 0.3753848427220395 
2.0 0.3753848427220395 
2.0 0.3753848427220395 
2.0 0.3753848427220395 
2.0 0.3753848427220395 
2.0 0.3753848427220395 
2.0 0.3753848427220395 
2.0 0.3753848427220395 
2.0 0.3753848427220395 
2.0 0.3753848427220395 
2.0 0.3753848427220395 
2.0 0.3753848427220395 
2.0 0.3753848427220395 
2.0 0.3753848427220395 
2.0 0.3753848427220395 
2.0 0.3753848427220395 
2.0 0.3753848427220395 
2.0 0.3753848427220395 
2.0 0.3753848427220395 
2.0 0.3753848427220395 
2.0 0.3753848427220395 
2.0 0.3753848427220395 
2.0 0.3753848427220395 
2.0 0.3753848427220395 
2.0 0.3753848427220395 
2.0 0.3753848427220395 
2.0 0.3753848427220395 
2.0 0.3753848427220395 
2.0 0.3753848427220395 
2.0 0.3753848427220395 
2.0 0.3753848427220395 
2.0 0.3753848427220395 
2.0 0.3753848427220395 
2.0 0.3753848427220395 
2.0 0.3753848427220395 
2.0 0.3753848427220395 
2.0 0.3753848427220395 
2.0 0.3753848427220395 
2.0 0.3753848427220395 
2.0 0.3753848427220395 
2.0 0.3753848427220395 
2.0 0.3753848427220395 
2.0 0.3753848427220395 
2.0 0.3753848427220395 
2.0 0.3753848427220395 
2.0 0.3753848427220395 
2.0 0.3753848427220395 
2.0 0.3753848427220395 
2.0 0.3753848427220395 
2.0 0.3753848427220395 
2.0 0.3753848427220395 
2.0 0.3753848427220395 
2.0 0.3753848427220395 
2.0 0.3753848427220395 
2.0 0.3753848427220395 
2.0 0.3753848427220395 
2.0 0.3753848427220395 
2.0 0.3753848427220395 
2.0 0.3753848427220395 
2.0 0.3753848427220395 
2.0 0.3753848427220395 
2.0 0.3753848427220395 
2.0 0.3753848427220395 
2.0 0.3753848427220395 
2.0 0.3753848427220395 
2.0 0.3753848427220395 
2.0 0.3753848427220395 
2.0 0.3753848427220395 
2.0 0.3753848427220395 
2.0 0.3753848427220395 
2.0 0.3753848427220395 
2.0 0.3753848427220395 
2.0 0.3753848427220395 
2.0 0.3753848427220395 
2.0 0.3753848427220395 
2.0 0.3753848427220395 
2.0 0.3753848427220395 
2.0 0.3753848427220395 
2.0 0.3753848427220395 
2.0 0.3753848427220395 
2.0 0.3753848427220395 
2.0 0.3753848427220395 
2.0 0.3753848427220395 
2.0 0.3753848427220395 
2.0 0.3753848427220395 
2.0 0.3753848427220395 
2.0 0.3753848427220395 
2.0 0.3753848427220395 
2.0 0.3753848427220395 
2.0 0.3753848427220395 
2.0 0.3753848427220395 
2.0 0.3753848427220395 
2.0 0.3753848427220395 
2.0 0.3753848427220395 
2.0 0.3753848427220395 
2.0 0.3753848427220395 
2.0 0.3753848427220395 
2.0 0.3753848427220395 
2.0 0.3753848427220395 
2.0 0.3753848427220395 
2.0 0.3753848427220395 
2.0 0.3753848427220395 
2.0 0.3753848427220395 
2.0 0.3753848427220395 
2.0 0.3753848427220395 
2.0 0.3753848427220395 
2.0 0.3753848427220395 
2.0 0.3753848427220395 
2.0 0.3753848427220395 
2.0 0.3753848427220395 
2.0 0.3753848427220395 
2.0 0.3753848427220395 
2.0 0.3753848427220395 
2.0 0.3753848427220395 
2.0 0.3753848427220395 
2.0 0.3753848427220395 
2.0 0.3753848427220395 
2.0 0.3753848427220395 
2.0 0.3753848427220395 
2.0 0.3753848427220395 
2.0 0.3753848427220395 
2.0 0.3753848427220395 
2.0 0.3753848427220395 
2.0 0.3753848427220395 
2.0 0.3753848427220395 
2.0 0.3753848427220395 
2.0 0.3753848427220395 
2.0 0.3753848427220395 
2.0 0.3753848427220395 
2.0 0.3753848427220395 
2.0 0.3753848427220395 
2.0 0.3753848427220395 
2.0 0.3753848427220395 
2.0 0.3753848427220395 
2.0 0.3753848427220395 
2.0 0.3753848427220395 
2.0 0.3753848427220395 
2.0 0.3753848427220395 
2.0 0.3753848427220395 
2.0 0.3753848427220395 
2.0 0.3753848427220395 
2.0 0.3753848427220395 
2.0 0.3753848427220395 
2.0 0.3753848427220395 
2.0 0.3753848427220395 
2.0 0.3753848427220395 
2.0 0.3753848427220395 
2.0 0.3753848427220395 
2.0 0.3753848427220395 
2.0 0.3753848427220395 
2.0 0.3753848427220395 
2.0 0.3753848427220395 
2.0 0.3753848427220395 
2.0 0.3753848427220395 
2.0 0.3753848427220395 
2.0 0.3753848427220395 
2.0 0.3753848427220395 
2.0 0.3753848427220395 
2.0 0.3753848427220395 
2.0 0.3753848427220395 
2.0 0.3753848427220395 
2.0 0.3753848427220395 
2.0 0.3753848427220395 
2.0 0.3753848427220395 
2.0 0.3753848427220395 
2.0 0.3753848427220395 
2.0 0.3753848427220395 
2.0 0.3753848427220395 
2.0 0.3753848427220395 
2.0 0.3753848427220395 
2.0 0.3753848427220395 
2.0 0.3753848427220395 
2.0 0.3753848427220395 
2.0 0.3753848427220395 
2.0 0.3753848427220395 
2.0 0.3753848427220395 
2.0 0.3753848427220395 
2.0 0.3753848427220395 
2.0 0.3753848427220395 
2.0 0.3753848427220395 
2.0 0.3753848427220395 
2.0 0.3753848427220395 
2.0 0.3753848427220395 
2.0 0.3753848427220395 
2.0 0.3753848427220395 
2.0 0.3753848427220395 
2.0 0.3753848427220395 
2.0 0.3753848427220395 
2.0 0.3753848427220395 
2.0 0.3753848427220395 
2.0 0.3753848427220395 
2.0 0.3753848427220395 
2.0 0.3753848427220395 
2.0 0.3753848427220395 
2.0 0.3753848427220395 
2.0 0.3753848427220395 
2.0 0.3753848427220395 
2.0 0.3753848427220395 
2.0 0.3753848427220395 
2.0 0.3753848427220395 
2.0 0.3753848427220395 
2.0 0.3753848427220395 
2.0 0.3753848427220395 
2.0 0.3753848427220395 
2.0 0.3753848427220395 
2.0 0.3753848427220395 
2.0 0.3753848427220395 
2.0 0.3753848427220395 
2.0 0.3753848427220395 
2.0 0.3753848427220395 
2.0 0.3753848427220395 
2.0 0.3753848427220395 
2.0 0.3753848427220395 
2.0 0.3753848427220395 
2.0 0.3753848427220395 
2.0 0.3753848427220395 
2.0 0.3753848427220395 
2.0 0.3753848427220395 
2.0 0.3753848427220395 
2.0 0.3753848427220395 
2.0 0.3753848427220395 
2.0 0.3753848427220395 
2.0 0.3753848427220395 
2.0 0.3753848427220395 
2.0 0.3753848427220395 
2.0 0.3753848427220395 
2.0 0.3753848427220395 
2.0 0.3753848427220395 
2.0 0.3753848427220395 
2.0 0.3753848427220395 
2.0 0.3753848427220395 
2.0 0.3753848427220395 
2.0 0.3753848427220395 
2.0 0.3753848427220395 
2.0 0.3753848427220395 
2.0 0.3753848427220395 
2.0 0.3753848427220395 
2.0 0.3753848427220395 
2.0 0.3753848427220395 
2.0 0.3753848427220395 
2.0 0.3753848427220395 
2.0 0.3753848427220395 
2.0 0.3753848427220395 
2.0 0.3753848427220395 
2.0 0.3753848427220395 
2.0 0.3753848427220395 
2.0 0.3753848427220395 
2.0 0.3753848427220395 
2.0 0.3753848427220395 
2.0 0.3753848427220395 
2.0 0.3753848427220395 
2.0 0.3753848427220395 
2.0 0.3753848427220395 
2.0 0.3753848427220395 
2.0 0.3753848427220395 
2.0 0.3753848427220395 
2.0 0.3753848427220395 
2.0 0.3753848427220395 
2.0 0.3753848427220395 
2.0 0.3753848427220395 
2.0 0.3753848427220395 
2.0 0.3753848427220395 
2.0 0.3753848427220395 
2.0 0.3753848427220395 
2.0 0.3753848427220395 
2.0 0.3753848427220395 
2.0 0.3753848427220395 
2.0 0.3753848427220395 
2.0 0.3753848427220395 
2.0 0.3753848427220395 
2.0 0.3753848427220395 
2.0 0.3753848427220395 
2.0 0.3753848427220395 
2.0 0.3753848427220395 
2.0 0.3753848427220395 
2.0 0.3753848427220395 
2.0 0.3753848427220395 
2.0 0.3753848427220395 
2.0 0.3753848427220395 
2.0 0.3753848427220395 
2.0 0.3753848427220395 
2.0 0.3753848427220395 
2.0 0.3753848427220395 
2.0 0.3753848427220395 
2.0 0.3753848427220395 
2.0 0.3753848427220395 
2.0 0.3753848427220395 
2.0 0.3753848427220395 
2.0 0.3753848427220395 
2.0 0.3753848427220395 
2.0 0.3753848427220395 
2.0 0.3753848427220395 
2.0 0.3753848427220395 
2.0 0.3753848427220395 
2.0 0.3753848427220395 
2.0 0.3753848427220395 
2.0 0.3753848427220395 
2.0 0.3753848427220395 
2.0 0.3753848427220395 
2.0 0.3753848427220395 
2.0 0.3753848427220395 
2.0 0.3753848427220395 
2.0 0.3753848427220395 
2.0 0.3753848427220395 
2.0 0.3753848427220395 
2.0 0.3753848427220395 
2.0 0.3753848427220395 
2.0 0.3753848427220395 
2.0 0.3753848427220395 
2.0 0.3753848427220395 
2.0 0.3753848427220395 
2.0 0.3753848427220395 
2.0 0.3753848427220395 
2.0 0.3753848427220395 
2.0 0.3753848427220395 
2.0 0.3753848427220395 
2.0 0.3753848427220395 
2.0 0.3753848427220395 
2.0 0.3753848427220395 
2.0 0.3753848427220395 
2.0 0.3753848427220395 
2.0 0.3753848427220395 
2.0 0.3753848427220395 
2.0 0.3753848427220395 
2.0 0.3753848427220395 
2.0 0.3753848427220395 
2.0 0.3753848427220395 
2.0 0.3753848427220395 
2.0 0.3753848427220395 
2.0 0.3753848427220395 
2.0 0.3753848427220395 
2.0 0.3753848427220395 
2.0 0.3753848427220395 
2.0 0.3753848427220395 
