# PLDDT for structure 
0 0.4937356114387512 
1 0.5518127679824829 
2 0.5868621468544006 
3 0.6805635690689087 
4 0.7177151441574097 
5 0.7508687973022461 
6 0.7942562103271484 
7 0.7999163866043091 
8 0.8195903897285461 
9 0.8414341807365417 
10 0.8533897995948792 
11 0.8594966530799866 
12 0.8891118168830872 
13 0.9048871397972107 
14 0.887589156627655 
15 0.8938671946525574 
16 0.9104688763618469 
17 0.8916772603988647 
18 0.8659905791282654 
19 0.8695685863494873 
20 0.8677753210067749 
21 0.8337182402610779 
22 0.7983630299568176 
23 0.7905030250549316 
24 0.7868699431419373 
25 0.7420077323913574 
26 0.7048571705818176 
27 0.6679185032844543 
28 0.5661286115646362 
29 0.5079904198646545 
30 0.45244693756103516 
31 0.4071113169193268 
32 0.4154741168022156 
33 0.4533769488334656 
34 0.40799176692962646 
35 0.4289936423301697 
36 0.4596599340438843 
37 0.5226402878761292 
38 0.5896894931793213 
39 0.5781919360160828 
40 0.7090559005737305 
41 0.7966275215148926 
42 0.8071275353431702 
43 0.8259531259536743 
44 0.8300491571426392 
45 0.8473518490791321 
46 0.8770556449890137 
47 0.8841342329978943 
48 0.8751137256622314 
49 0.8771736025810242 
50 0.8981412649154663 
51 0.8774587512016296 
52 0.8417243361473083 
53 0.8452649116516113 
54 0.841836154460907 
55 0.8196192383766174 
56 0.791344165802002 
57 0.7841218709945679 
58 0.7738164067268372 
59 0.7412207722663879 
60 0.6943322420120239 
61 0.704232931137085 
62 0.7002172470092773 
63 0.6556524634361267 
64 0.7237208485603333 
65 0.7151476144790649 
66 0.7733489274978638 
67 0.7736405730247498 
68 0.7531591653823853 
69 0.7743108868598938 
70 0.7860131859779358 
71 0.7746782898902893 
72 0.778651773929596 
73 0.8252402544021606 
74 0.8359845280647278 
75 0.812609076499939 
76 0.8228870034217834 
77 0.8403921723365784 
78 0.8457160592079163 
79 0.836516797542572 
80 0.8332984447479248 
81 0.8275125026702881 
82 0.845406174659729 
83 0.8440211415290833 
84 0.8045253157615662 
85 0.8045920729637146 
86 0.8368545174598694 
87 0.7984012365341187 
88 0.7589497566223145 
89 0.7879352569580078 
90 0.801268994808197 
91 0.7448342442512512 
92 0.7285060286521912 
93 0.7736429572105408 
94 0.7439521551132202 
95 0.6996179819107056 
96 0.7136828303337097 
97 0.6912370324134827 
98 0.6284939050674438 
99 0.5900067090988159 
100 0.5477854013442993 
101 0.4903845489025116 
102 0.485517680644989 
103 0.49109697341918945 
104 0.4765860438346863 
105 0.4525913894176483 
106 0.43889832496643066 
107 0.4734855890274048 
108 0.47722452878952026 
109 0.43705201148986816 
110 0.5005319118499756 
111 0.5240845680236816 
112 0.4931926727294922 
113 0.5063822269439697 
114 0.579562246799469 
115 0.5667486786842346 
116 0.6457710266113281 
117 0.6691659688949585 
118 0.6912748217582703 
119 0.6959659457206726 
120 0.69049072265625 
121 0.6946693658828735 
122 0.7455171346664429 
123 0.7170364260673523 
124 0.7035726308822632 
125 0.6396389603614807 
126 0.6947628855705261 
127 0.6915541291236877 
128 0.7171071171760559 
129 0.7327181100845337 
130 0.7238537669181824 
131 0.7592727541923523 
132 0.777692437171936 
133 0.7892886996269226 
134 0.7675805687904358 
135 0.7804237008094788 
136 0.8100736141204834 
137 0.7954937219619751 
138 0.7775770425796509 
139 0.7920021414756775 
140 0.8121733665466309 
141 0.7838864326477051 
142 0.7831185460090637 
143 0.8127236366271973 
144 0.8059923648834229 
145 0.7742297053337097 
146 0.8102672100067139 
147 0.8321932554244995 
148 0.8254226446151733 
149 0.8090648055076599 
150 0.8447511196136475 
151 0.8609946966171265 
152 0.8354800939559937 
153 0.8487917184829712 
154 0.871735155582428 
155 0.8641096949577332 
156 0.8443791270256042 
157 0.852456271648407 
158 0.8421635031700134 
159 0.8320014476776123 
160 0.8298053741455078 
161 0.8145413398742676 
162 0.7944589853286743 
163 0.7835960388183594 
164 0.7373436093330383 
165 0.6889603137969971 
166 0.6694211363792419 
167 0.6456295251846313 
168 0.5068802237510681 
169 0.341422975063324 
170 0.4194364547729492 
171 0.4682459533214569 
172 0.4874297082424164 
173 0.45768576860427856 
174 0.505096971988678 
175 0.48272138833999634 
176 0.4428439140319824 
177 0.4552344083786011 
178 0.4883354902267456 
179 0.48648518323898315 
180 0.5316329002380371 
181 0.5523538589477539 
182 0.6110731959342957 
183 0.6441937685012817 
184 0.665299117565155 
185 0.6445935964584351 
186 0.630799412727356 
187 0.5556219220161438 
188 0.5054250955581665 
