2.0 0.8354094452808609 
2.0 0.9545518948739035 
2.0 0.9174724211516204 
2.0 0.7061612280148921 
2.0 0.8619467002467105 
2.0 0.7875143771701388 
2.0 0.6839187032433505 
2.0 0.8364673279879385 
2.0 0.7260976381655092 
2.0 0.6856106958206412 
2.0 0.8343144359923246 
2.0 0.7215123607494214 
2.0 0.6474473495325793 
2.0 0.8056510416666666 
2.0 0.6743439850983797 
2.0 0.6474473495325793 
2.0 0.8056510416666666 
2.0 0.6743439850983797 
2.0 0.6474473495325793 
2.0 0.8056510416666666 
2.0 0.6743439850983797 
2.0 0.6474473495325793 
2.0 0.8056510416666666 
2.0 0.6743439850983797 
2.0 0.6779292566786878 
2.0 0.7978722930372808 
2.0 0.6562166793258102 
2.0 0.6779292566786878 
2.0 0.7978722930372808 
2.0 0.6562166793258102 
2.0 0.674234751934456 
2.0 0.8020305646929825 
2.0 0.6624303294994214 
2.0 0.674234751934456 
2.0 0.8020305646929825 
2.0 0.6624303294994214 
2.0 0.6501253165738828 
2.0 0.7650466865405702 
2.0 0.6074262152777778 
2.0 0.6501253165738828 
2.0 0.7650466865405702 
2.0 0.6074262152777778 
2.0 0.6358092474586557 
2.0 0.7548496607730263 
2.0 0.5929851616753472 
2.0 0.6358092474586557 
2.0 0.7548496607730263 
2.0 0.5929851616753472 
2.0 0.6403259689786772 
2.0 0.731279725191886 
2.0 0.5606771285445602 
2.0 0.6403259689786772 
2.0 0.731279725191886 
2.0 0.5606771285445602 
2.0 0.6068762546246046 
2.0 0.6983475534539474 
2.0 0.5078731282552084 
2.0 0.6068762546246046 
2.0 0.6983475534539474 
2.0 0.5078731282552084 
2.0 0.6107099716396485 
2.0 0.6913446580317982 
2.0 0.4770256890190972 
2.0 0.6107099716396485 
2.0 0.6913446580317982 
2.0 0.4770256890190972 
2.0 0.6107099716396485 
2.0 0.6913446580317982 
2.0 0.4770256890190972 
2.0 0.6107099716396485 
2.0 0.6913446580317982 
2.0 0.4770256890190972 
2.0 0.6067918957086003 
2.0 0.6819690155564693 
2.0 0.46951416015625 
2.0 0.6067918957086003 
2.0 0.6819690155564693 
2.0 0.46951416015625 
2.0 0.6065190878003804 
2.0 0.666089723821272 
2.0 0.44752635814525465 
2.0 0.6065190878003804 
2.0 0.666089723821272 
2.0 0.44752635814525465 
2.0 0.6065190878003804 
2.0 0.666089723821272 
2.0 0.44752635814525465 
2.0 0.5998728963154885 
2.0 0.6538122772752193 
2.0 0.4395622196903935 
2.0 0.595650099786422 
2.0 0.617361054002193 
2.0 0.3915096480758102 
2.0 0.595650099786422 
2.0 0.617361054002193 
2.0 0.3915096480758102 
2.0 0.595650099786422 
2.0 0.617361054002193 
2.0 0.3915096480758102 
2.0 0.595650099786422 
2.0 0.617361054002193 
2.0 0.3915096480758102 
2.0 0.5886012978070329 
2.0 0.6152652138157895 
2.0 0.3953431984230324 
2.0 0.5886012978070329 
2.0 0.6152652138157895 
2.0 0.3953431984230324 
2.0 0.5886012978070329 
2.0 0.6152652138157895 
2.0 0.3953431984230324 
2.0 0.5886012978070329 
2.0 0.6152652138157895 
2.0 0.3953431984230324 
2.0 0.5886012978070329 
2.0 0.6152652138157895 
2.0 0.3953431984230324 
2.0 0.5886012978070329 
2.0 0.6152652138157895 
2.0 0.3953431984230324 
2.0 0.5886012978070329 
2.0 0.6152652138157895 
2.0 0.3953431984230324 
2.0 0.5886012978070329 
2.0 0.6152652138157895 
2.0 0.3953431984230324 
2.0 0.5886012978070329 
2.0 0.6152652138157895 
2.0 0.3953431984230324 
2.0 0.5886012978070329 
2.0 0.6152652138157895 
2.0 0.3953431984230324 
2.0 0.5886012978070329 
2.0 0.6152652138157895 
2.0 0.3953431984230324 
2.0 0.5886012978070329 
2.0 0.6152652138157895 
2.0 0.3953431984230324 
2.0 0.5886012978070329 
2.0 0.6152652138157895 
2.0 0.3953431984230324 
2.0 0.5886012978070329 
2.0 0.6152652138157895 
2.0 0.3953431984230324 
2.0 0.5886012978070329 
2.0 0.6152652138157895 
2.0 0.3953431984230324 
2.0 0.5886012978070329 
2.0 0.6152652138157895 
2.0 0.3953431984230324 
2.0 0.5886012978070329 
2.0 0.6152652138157895 
2.0 0.3953431984230324 
2.0 0.5886012978070329 
2.0 0.6152652138157895 
2.0 0.3953431984230324 
2.0 0.5886012978070329 
2.0 0.6152652138157895 
2.0 0.3953431984230324 
2.0 0.5886012978070329 
2.0 0.6152652138157895 
2.0 0.3953431984230324 
2.0 0.5886012978070329 
2.0 0.6152652138157895 
2.0 0.3953431984230324 
2.0 0.5886012978070329 
2.0 0.6152652138157895 
2.0 0.3953431984230324 
2.0 0.5886012978070329 
2.0 0.6152652138157895 
2.0 0.3953431984230324 
2.0 0.5886012978070329 
2.0 0.6152652138157895 
2.0 0.3953431984230324 
2.0 0.5886012978070329 
2.0 0.6152652138157895 
2.0 0.3953431984230324 
2.0 0.5886012978070329 
2.0 0.6152652138157895 
2.0 0.3953431984230324 
2.0 0.5886012978070329 
2.0 0.6152652138157895 
2.0 0.3953431984230324 
2.0 0.5886012978070329 
2.0 0.6152652138157895 
2.0 0.3953431984230324 
2.0 0.5886012978070329 
2.0 0.6152652138157895 
2.0 0.3953431984230324 
2.0 0.5886012978070329 
2.0 0.6152652138157895 
2.0 0.3953431984230324 
2.0 0.5886012978070329 
2.0 0.6152652138157895 
2.0 0.3953431984230324 
2.0 0.5886012978070329 
2.0 0.6152652138157895 
2.0 0.3953431984230324 
2.0 0.5886012978070329 
2.0 0.6152652138157895 
2.0 0.3953431984230324 
2.0 0.5886012978070329 
2.0 0.6152652138157895 
2.0 0.3953431984230324 
2.0 0.5886012978070329 
2.0 0.6152652138157895 
2.0 0.3953431984230324 
2.0 0.5886012978070329 
2.0 0.6152652138157895 
2.0 0.3953431984230324 
2.0 0.5886012978070329 
2.0 0.6152652138157895 
2.0 0.3953431984230324 
2.0 0.5886012978070329 
2.0 0.6152652138157895 
2.0 0.3953431984230324 
2.0 0.5886012978070329 
2.0 0.6152652138157895 
2.0 0.3953431984230324 
2.0 0.5886012978070329 
2.0 0.6152652138157895 
2.0 0.3953431984230324 
2.0 0.5886012978070329 
2.0 0.6152652138157895 
2.0 0.3953431984230324 
2.0 0.5886012978070329 
2.0 0.6152652138157895 
2.0 0.3953431984230324 
2.0 0.5886012978070329 
2.0 0.6152652138157895 
2.0 0.3953431984230324 
2.0 0.5886012978070329 
2.0 0.6152652138157895 
2.0 0.3953431984230324 
2.0 0.5886012978070329 
2.0 0.6152652138157895 
2.0 0.3953431984230324 
2.0 0.5886012978070329 
2.0 0.6152652138157895 
2.0 0.3953431984230324 
2.0 0.5886012978070329 
2.0 0.6152652138157895 
2.0 0.3953431984230324 
2.0 0.5886012978070329 
2.0 0.6152652138157895 
2.0 0.3953431984230324 
2.0 0.5886012978070329 
2.0 0.6152652138157895 
2.0 0.3953431984230324 
2.0 0.5886012978070329 
2.0 0.6152652138157895 
2.0 0.3953431984230324 
2.0 0.5886012978070329 
2.0 0.6152652138157895 
2.0 0.3953431984230324 
2.0 0.5886012978070329 
2.0 0.6152652138157895 
2.0 0.3953431984230324 
2.0 0.5886012978070329 
2.0 0.6152652138157895 
2.0 0.3953431984230324 
2.0 0.5886012978070329 
2.0 0.6152652138157895 
2.0 0.3953431984230324 
2.0 0.5886012978070329 
2.0 0.6152652138157895 
2.0 0.3953431984230324 
2.0 0.5886012978070329 
2.0 0.6152652138157895 
2.0 0.3953431984230324 
2.0 0.5886012978070329 
2.0 0.6152652138157895 
2.0 0.3953431984230324 
2.0 0.5886012978070329 
2.0 0.6152652138157895 
2.0 0.3953431984230324 
2.0 0.5886012978070329 
2.0 0.6152652138157895 
2.0 0.3953431984230324 
2.0 0.5886012978070329 
2.0 0.6152652138157895 
2.0 0.3953431984230324 
2.0 0.5886012978070329 
2.0 0.6152652138157895 
2.0 0.3953431984230324 
2.0 0.5886012978070329 
2.0 0.6152652138157895 
2.0 0.3953431984230324 
2.0 0.5886012978070329 
2.0 0.6152652138157895 
2.0 0.3953431984230324 
2.0 0.5886012978070329 
2.0 0.6152652138157895 
2.0 0.3953431984230324 
2.0 0.5886012978070329 
2.0 0.6152652138157895 
2.0 0.3953431984230324 
2.0 0.5886012978070329 
2.0 0.6152652138157895 
2.0 0.3953431984230324 
2.0 0.5886012978070329 
2.0 0.6152652138157895 
2.0 0.3953431984230324 
2.0 0.5886012978070329 
2.0 0.6152652138157895 
2.0 0.3953431984230324 
2.0 0.5886012978070329 
2.0 0.6152652138157895 
2.0 0.3953431984230324 
2.0 0.5886012978070329 
2.0 0.6152652138157895 
2.0 0.3953431984230324 
2.0 0.5886012978070329 
2.0 0.6152652138157895 
2.0 0.3953431984230324 
2.0 0.5886012978070329 
2.0 0.6152652138157895 
2.0 0.3953431984230324 
2.0 0.5886012978070329 
2.0 0.6152652138157895 
2.0 0.3953431984230324 
2.0 0.5886012978070329 
2.0 0.6152652138157895 
2.0 0.3953431984230324 
2.0 0.5886012978070329 
2.0 0.6152652138157895 
2.0 0.3953431984230324 
2.0 0.5886012978070329 
2.0 0.6152652138157895 
2.0 0.3953431984230324 
2.0 0.5886012978070329 
2.0 0.6152652138157895 
2.0 0.3953431984230324 
2.0 0.5886012978070329 
2.0 0.6152652138157895 
2.0 0.3953431984230324 
2.0 0.5886012978070329 
2.0 0.6152652138157895 
2.0 0.3953431984230324 
2.0 0.5886012978070329 
2.0 0.6152652138157895 
2.0 0.3953431984230324 
2.0 0.5886012978070329 
2.0 0.6152652138157895 
2.0 0.3953431984230324 
2.0 0.5886012978070329 
2.0 0.6152652138157895 
2.0 0.3953431984230324 
2.0 0.5886012978070329 
2.0 0.6152652138157895 
2.0 0.3953431984230324 
2.0 0.5886012978070329 
2.0 0.6152652138157895 
2.0 0.3953431984230324 
2.0 0.5886012978070329 
2.0 0.6152652138157895 
2.0 0.3953431984230324 
2.0 0.5886012978070329 
2.0 0.6152652138157895 
2.0 0.3953431984230324 
