1.0 30.70027269832928 
1.0 26.317391542373073 
1.0 24.675276982202757 
1.0 24.58831605518604 
1.0 23.993661747198352 
1.0 23.993661747198352 
1.0 23.993661747198352 
1.0 23.993661747198352 
1.0 24.019622830697482 
1.0 24.019622830697482 
1.0 23.95652483010188 
1.0 23.95652483010188 
1.0 23.557399848954933 
1.0 23.557399848954933 
1.0 23.453960849282257 
1.0 23.453960849282257 
1.0 22.984442067296445 
1.0 22.984442067296445 
1.0 22.842298233724723 
1.0 22.842298233724723 
1.0 22.6739085286452 
1.0 22.6739085286452 
1.0 22.6739085286452 
1.0 22.6739085286452 
1.0 22.676389955679664 
1.0 22.676389955679664 
1.0 22.67337501141891 
1.0 22.67337501141891 
1.0 22.67337501141891 
1.0 22.69999879275648 
1.0 22.69441596469638 
1.0 22.69441596469638 
1.0 22.69441596469638 
1.0 22.69441596469638 
1.0 22.59036953208456 
1.0 22.59036953208456 
1.0 22.59036953208456 
1.0 22.59036953208456 
1.0 22.59036953208456 
1.0 22.59036953208456 
1.0 22.59036953208456 
1.0 22.59036953208456 
1.0 22.59036953208456 
1.0 22.59036953208456 
1.0 22.59036953208456 
1.0 22.59036953208456 
1.0 22.59036953208456 
1.0 22.59036953208456 
1.0 22.59036953208456 
1.0 22.59036953208456 
1.0 22.59036953208456 
1.0 22.59036953208456 
1.0 22.59036953208456 
1.0 22.59036953208456 
1.0 22.59036953208456 
1.0 22.59036953208456 
1.0 22.59036953208456 
1.0 22.59036953208456 
1.0 22.59036953208456 
1.0 22.59036953208456 
1.0 22.59036953208456 
1.0 22.59036953208456 
1.0 22.59036953208456 
1.0 22.59036953208456 
1.0 22.59036953208456 
1.0 22.59036953208456 
1.0 22.59036953208456 
1.0 22.59036953208456 
1.0 22.59036953208456 
1.0 22.59036953208456 
1.0 22.59036953208456 
1.0 22.59036953208456 
1.0 22.59036953208456 
1.0 22.59036953208456 
1.0 22.59036953208456 
1.0 22.59036953208456 
1.0 22.59036953208456 
1.0 22.59036953208456 
1.0 22.59036953208456 
1.0 22.59036953208456 
1.0 22.59036953208456 
1.0 22.59036953208456 
1.0 22.59036953208456 
1.0 22.59036953208456 
1.0 22.59036953208456 
1.0 22.59036953208456 
1.0 22.59036953208456 
1.0 22.59036953208456 
1.0 22.59036953208456 
1.0 22.59036953208456 
1.0 22.59036953208456 
1.0 22.59036953208456 
1.0 22.59036953208456 
1.0 22.59036953208456 
1.0 22.59036953208456 
1.0 22.59036953208456 
1.0 22.59036953208456 
1.0 22.59036953208456 
1.0 22.59036953208456 
1.0 22.59036953208456 
1.0 22.59036953208456 
1.0 22.59036953208456 
1.0 22.59036953208456 
1.0 22.59036953208456 
1.0 22.59036953208456 
1.0 22.59036953208456 
1.0 22.59036953208456 
1.0 22.59036953208456 
1.0 22.59036953208456 
1.0 22.59036953208456 
1.0 22.59036953208456 
1.0 22.59036953208456 
1.0 22.59036953208456 
1.0 22.59036953208456 
1.0 22.59036953208456 
1.0 22.59036953208456 
1.0 22.59036953208456 
1.0 22.59036953208456 
1.0 22.59036953208456 
1.0 22.59036953208456 
