0.2 0.6035663485527039 
0.2 0.5410709381103516 
0.2 0.49990665912628174 
0.2 0.5004914999008179 
0.2 0.4761015772819519 
0.2 0.4761015772819519 
0.2 0.4761015772819519 
0.2 0.4761015772819519 
0.2 0.48072731494903564 
0.2 0.48072731494903564 
0.2 0.47851741313934326 
0.2 0.47851741313934326 
0.2 0.4695298671722412 
0.2 0.4695298671722412 
0.2 0.46085721254348755 
0.2 0.46085721254348755 
0.2 0.4634460210800171 
0.2 0.4634460210800171 
0.2 0.4371448755264282 
0.2 0.4371448755264282 
0.2 0.43705618381500244 
0.2 0.43705618381500244 
0.2 0.43705618381500244 
0.2 0.43705618381500244 
0.2 0.4307215213775635 
0.2 0.4307215213775635 
0.2 0.42999911308288574 
0.2 0.42999911308288574 
0.2 0.42999911308288574 
0.2 0.42590391635894775 
0.2 0.4190329909324646 
0.2 0.4190329909324646 
0.2 0.4190329909324646 
0.2 0.4190329909324646 
0.2 0.41528046131134033 
0.2 0.41528046131134033 
0.2 0.41528046131134033 
0.2 0.41528046131134033 
0.2 0.41528046131134033 
0.2 0.41528046131134033 
0.2 0.41528046131134033 
0.2 0.41528046131134033 
0.2 0.41528046131134033 
0.2 0.41528046131134033 
0.2 0.41528046131134033 
0.2 0.41528046131134033 
0.2 0.41528046131134033 
0.2 0.41528046131134033 
0.2 0.41528046131134033 
0.2 0.41528046131134033 
0.2 0.41528046131134033 
0.2 0.41528046131134033 
0.2 0.41528046131134033 
0.2 0.41528046131134033 
0.2 0.41528046131134033 
0.2 0.41528046131134033 
0.2 0.41528046131134033 
0.2 0.41528046131134033 
0.2 0.41528046131134033 
0.2 0.41528046131134033 
0.2 0.41528046131134033 
0.2 0.41528046131134033 
0.2 0.41528046131134033 
0.2 0.41528046131134033 
0.2 0.41528046131134033 
0.2 0.41528046131134033 
0.2 0.41528046131134033 
0.2 0.41528046131134033 
0.2 0.41528046131134033 
0.2 0.41528046131134033 
0.2 0.41528046131134033 
0.2 0.41528046131134033 
0.2 0.41528046131134033 
0.2 0.41528046131134033 
0.2 0.41528046131134033 
0.2 0.41528046131134033 
0.2 0.41528046131134033 
0.2 0.41528046131134033 
0.2 0.41528046131134033 
0.2 0.41528046131134033 
0.2 0.41528046131134033 
0.2 0.41528046131134033 
0.2 0.41528046131134033 
0.2 0.41528046131134033 
0.2 0.41528046131134033 
0.2 0.41528046131134033 
0.2 0.41528046131134033 
0.2 0.41528046131134033 
0.2 0.41528046131134033 
0.2 0.41528046131134033 
0.2 0.41528046131134033 
0.2 0.41528046131134033 
0.2 0.41528046131134033 
0.2 0.41528046131134033 
0.2 0.41528046131134033 
0.2 0.41528046131134033 
0.2 0.41528046131134033 
0.2 0.41528046131134033 
0.2 0.41528046131134033 
0.2 0.41528046131134033 
0.2 0.41528046131134033 
0.2 0.41528046131134033 
0.2 0.41528046131134033 
0.2 0.41528046131134033 
0.2 0.41528046131134033 
0.2 0.41528046131134033 
0.2 0.41528046131134033 
0.2 0.41528046131134033 
0.2 0.41528046131134033 
0.2 0.41528046131134033 
0.2 0.41528046131134033 
0.2 0.41528046131134033 
0.2 0.41528046131134033 
0.2 0.41528046131134033 
0.2 0.41528046131134033 
0.2 0.41528046131134033 
0.2 0.41528046131134033 
0.2 0.41528046131134033 
0.2 0.41528046131134033 
0.2 0.41528046131134033 
