1.0 0.4224709956603643 
1.0 0.4168022200906065 
1.0 0.6915930509567261 
1.0 0.37183420756864827 
1.0 0.3557153284197023 
1.0 0.6307626724243164 
1.0 0.3190912099984976 
1.0 0.2833288520045535 
1.0 0.5551136016845704 
1.0 0.32306571825016184 
1.0 0.2882443490113027 
1.0 0.5688268184661865 
1.0 0.33766151744233086 
1.0 0.3000595724794286 
1.0 0.5542008399963378 
1.0 0.33766151744233086 
1.0 0.3000595724794286 
1.0 0.5542008399963378 
1.0 0.33766151744233086 
1.0 0.3000595724794286 
1.0 0.5542008399963378 
1.0 0.33766151744233086 
1.0 0.3000595724794286 
1.0 0.5542008399963378 
1.0 0.3127697374693741 
1.0 0.2804816883696607 
1.0 0.4994925022125244 
1.0 0.3127697374693741 
1.0 0.2804816883696607 
1.0 0.4994925022125244 
1.0 0.31381726688181866 
1.0 0.2774533153285642 
1.0 0.525139856338501 
1.0 0.31381726688181866 
1.0 0.2774533153285642 
1.0 0.525139856338501 
1.0 0.3636483638244268 
1.0 0.3248385818752312 
1.0 0.5292352199554443 
1.0 0.3636483638244268 
1.0 0.3248385818752312 
1.0 0.5292352199554443 
1.0 0.35665247990534854 
1.0 0.3150158041327663 
1.0 0.51400728225708 
1.0 0.35665247990534854 
1.0 0.3150158041327663 
1.0 0.51400728225708 
1.0 0.39282799895698506 
1.0 0.35241139428855395 
1.0 0.5376567840576172 
1.0 0.39282799895698506 
1.0 0.35241139428855395 
1.0 0.5376567840576172 
1.0 0.38764687261637853 
1.0 0.3394737469374075 
1.0 0.5155317783355713 
1.0 0.38764687261637853 
1.0 0.3394737469374075 
1.0 0.5155317783355713 
1.0 0.38961918396357254 
1.0 0.3349266277967825 
1.0 0.5005123138427734 
1.0 0.38961918396357254 
1.0 0.3349266277967825 
1.0 0.5005123138427734 
1.0 0.38961918396357254 
1.0 0.3349266277967825 
1.0 0.5005123138427734 
1.0 0.38961918396357254 
1.0 0.3349266277967825 
1.0 0.5005123138427734 
1.0 0.3833489051231971 
1.0 0.3338779697756795 
1.0 0.4797098636627197 
1.0 0.3833489051231971 
1.0 0.3338779697756795 
1.0 0.4797098636627197 
1.0 0.3842578413923816 
1.0 0.3337685850245007 
1.0 0.4669981479644776 
1.0 0.3842578413923816 
1.0 0.3337685850245007 
1.0 0.4669981479644776 
1.0 0.3842578413923816 
1.0 0.3337685850245007 
1.0 0.4669981479644776 
1.0 0.382995334602672 
1.0 0.33317764553092644 
1.0 0.45357799530029297 
1.0 0.3835343580979568 
1.0 0.32818305562939165 
1.0 0.42554764747619633 
1.0 0.3835343580979568 
1.0 0.32818305562939165 
1.0 0.42554764747619633 
1.0 0.3835343580979568 
1.0 0.32818305562939165 
1.0 0.42554764747619633 
1.0 0.3835343580979568 
1.0 0.32818305562939165 
1.0 0.42554764747619633 
1.0 0.3812153833152274 
1.0 0.32752620539016275 
1.0 0.42609658241271975 
1.0 0.3812153833152274 
1.0 0.32752620539016275 
1.0 0.42609658241271975 
1.0 0.3812153833152274 
1.0 0.32752620539016275 
1.0 0.42609658241271975 
1.0 0.3812153833152274 
1.0 0.32752620539016275 
1.0 0.42609658241271975 
1.0 0.3812153833152274 
1.0 0.32752620539016275 
1.0 0.42609658241271975 
1.0 0.3812153833152274 
1.0 0.32752620539016275 
1.0 0.42609658241271975 
1.0 0.3812153833152274 
1.0 0.32752620539016275 
1.0 0.42609658241271975 
1.0 0.3812153833152274 
1.0 0.32752620539016275 
1.0 0.42609658241271975 
1.0 0.3812153833152274 
1.0 0.32752620539016275 
1.0 0.42609658241271975 
1.0 0.3812153833152274 
1.0 0.32752620539016275 
1.0 0.42609658241271975 
1.0 0.3812153833152274 
1.0 0.32752620539016275 
1.0 0.42609658241271975 
1.0 0.3812153833152274 
1.0 0.32752620539016275 
1.0 0.42609658241271975 
1.0 0.3812153833152274 
1.0 0.32752620539016275 
1.0 0.42609658241271975 
1.0 0.3812153833152274 
1.0 0.32752620539016275 
1.0 0.42609658241271975 
1.0 0.3812153833152274 
1.0 0.32752620539016275 
1.0 0.42609658241271975 
1.0 0.3812153833152274 
1.0 0.32752620539016275 
1.0 0.42609658241271975 
1.0 0.3812153833152274 
1.0 0.32752620539016275 
1.0 0.42609658241271975 
1.0 0.3812153833152274 
1.0 0.32752620539016275 
1.0 0.42609658241271975 
1.0 0.3812153833152274 
1.0 0.32752620539016275 
1.0 0.42609658241271975 
1.0 0.3812153833152274 
1.0 0.32752620539016275 
1.0 0.42609658241271975 
1.0 0.3812153833152274 
1.0 0.32752620539016275 
1.0 0.42609658241271975 
1.0 0.3812153833152274 
1.0 0.32752620539016275 
1.0 0.42609658241271975 
1.0 0.3812153833152274 
1.0 0.32752620539016275 
1.0 0.42609658241271975 
1.0 0.3812153833152274 
1.0 0.32752620539016275 
1.0 0.42609658241271975 
1.0 0.3812153833152274 
1.0 0.32752620539016275 
1.0 0.42609658241271975 
1.0 0.3812153833152274 
1.0 0.32752620539016275 
1.0 0.42609658241271975 
1.0 0.3812153833152274 
1.0 0.32752620539016275 
1.0 0.42609658241271975 
1.0 0.3812153833152274 
1.0 0.32752620539016275 
1.0 0.42609658241271975 
1.0 0.3812153833152274 
1.0 0.32752620539016275 
1.0 0.42609658241271975 
1.0 0.3812153833152274 
1.0 0.32752620539016275 
1.0 0.42609658241271975 
1.0 0.3812153833152274 
1.0 0.32752620539016275 
1.0 0.42609658241271975 
1.0 0.3812153833152274 
1.0 0.32752620539016275 
1.0 0.42609658241271975 
1.0 0.3812153833152274 
1.0 0.32752620539016275 
1.0 0.42609658241271975 
1.0 0.3812153833152274 
1.0 0.32752620539016275 
1.0 0.42609658241271975 
1.0 0.3812153833152274 
1.0 0.32752620539016275 
1.0 0.42609658241271975 
1.0 0.3812153833152274 
1.0 0.32752620539016275 
1.0 0.42609658241271975 
1.0 0.3812153833152274 
1.0 0.32752620539016275 
1.0 0.42609658241271975 
1.0 0.3812153833152274 
1.0 0.32752620539016275 
1.0 0.42609658241271975 
1.0 0.3812153833152274 
1.0 0.32752620539016275 
1.0 0.42609658241271975 
1.0 0.3812153833152274 
1.0 0.32752620539016275 
1.0 0.42609658241271975 
1.0 0.3812153833152274 
1.0 0.32752620539016275 
1.0 0.42609658241271975 
1.0 0.3812153833152274 
1.0 0.32752620539016275 
1.0 0.42609658241271975 
1.0 0.3812153833152274 
1.0 0.32752620539016275 
1.0 0.42609658241271975 
1.0 0.3812153833152274 
1.0 0.32752620539016275 
1.0 0.42609658241271975 
1.0 0.3812153833152274 
1.0 0.32752620539016275 
1.0 0.42609658241271975 
1.0 0.3812153833152274 
1.0 0.32752620539016275 
1.0 0.42609658241271975 
1.0 0.3812153833152274 
1.0 0.32752620539016275 
1.0 0.42609658241271975 
1.0 0.3812153833152274 
1.0 0.32752620539016275 
1.0 0.42609658241271975 
1.0 0.3812153833152274 
1.0 0.32752620539016275 
1.0 0.42609658241271975 
1.0 0.3812153833152274 
1.0 0.32752620539016275 
1.0 0.42609658241271975 
1.0 0.3812153833152274 
1.0 0.32752620539016275 
1.0 0.42609658241271975 
1.0 0.3812153833152274 
1.0 0.32752620539016275 
1.0 0.42609658241271975 
1.0 0.3812153833152274 
1.0 0.32752620539016275 
1.0 0.42609658241271975 
1.0 0.3812153833152274 
1.0 0.32752620539016275 
1.0 0.42609658241271975 
1.0 0.3812153833152274 
1.0 0.32752620539016275 
1.0 0.42609658241271975 
1.0 0.3812153833152274 
1.0 0.32752620539016275 
1.0 0.42609658241271975 
1.0 0.3812153833152274 
1.0 0.32752620539016275 
1.0 0.42609658241271975 
1.0 0.3812153833152274 
1.0 0.32752620539016275 
1.0 0.42609658241271975 
1.0 0.3812153833152274 
1.0 0.32752620539016275 
1.0 0.42609658241271975 
1.0 0.3812153833152274 
1.0 0.32752620539016275 
1.0 0.42609658241271975 
1.0 0.3812153833152274 
1.0 0.32752620539016275 
1.0 0.42609658241271975 
1.0 0.3812153833152274 
1.0 0.32752620539016275 
1.0 0.42609658241271975 
1.0 0.3812153833152274 
1.0 0.32752620539016275 
1.0 0.42609658241271975 
1.0 0.3812153833152274 
1.0 0.32752620539016275 
1.0 0.42609658241271975 
1.0 0.3812153833152274 
1.0 0.32752620539016275 
1.0 0.42609658241271975 
1.0 0.3812153833152274 
1.0 0.32752620539016275 
1.0 0.42609658241271975 
1.0 0.3812153833152274 
1.0 0.32752620539016275 
1.0 0.42609658241271975 
1.0 0.3812153833152274 
1.0 0.32752620539016275 
1.0 0.42609658241271975 
1.0 0.3812153833152274 
1.0 0.32752620539016275 
1.0 0.42609658241271975 
1.0 0.3812153833152274 
1.0 0.32752620539016275 
1.0 0.42609658241271975 
1.0 0.3812153833152274 
1.0 0.32752620539016275 
1.0 0.42609658241271975 
1.0 0.3812153833152274 
1.0 0.32752620539016275 
1.0 0.42609658241271975 
1.0 0.3812153833152274 
1.0 0.32752620539016275 
1.0 0.42609658241271975 
1.0 0.3812153833152274 
1.0 0.32752620539016275 
1.0 0.42609658241271975 
1.0 0.3812153833152274 
1.0 0.32752620539016275 
1.0 0.42609658241271975 
1.0 0.3812153833152274 
1.0 0.32752620539016275 
1.0 0.42609658241271975 
1.0 0.3812153833152274 
1.0 0.32752620539016275 
1.0 0.42609658241271975 
1.0 0.3812153833152274 
1.0 0.32752620539016275 
1.0 0.42609658241271975 
1.0 0.3812153833152274 
1.0 0.32752620539016275 
1.0 0.42609658241271975 
1.0 0.3812153833152274 
1.0 0.32752620539016275 
1.0 0.42609658241271975 
1.0 0.3812153833152274 
1.0 0.32752620539016275 
1.0 0.42609658241271975 
1.0 0.3812153833152274 
1.0 0.32752620539016275 
1.0 0.42609658241271975 
1.0 0.3812153833152274 
1.0 0.32752620539016275 
1.0 0.42609658241271975 
1.0 0.3812153833152274 
1.0 0.32752620539016275 
1.0 0.42609658241271975 
1.0 0.3812153833152274 
1.0 0.32752620539016275 
1.0 0.42609658241271975 
1.0 0.3812153833152274 
1.0 0.32752620539016275 
1.0 0.42609658241271975 
