# PLDDT for structure 
0 0.5720334053039551 
1 0.6084034442901611 
2 0.6596171855926514 
3 0.7304655909538269 
4 0.7496649026870728 
5 0.7618263959884644 
6 0.7991487979888916 
7 0.7993441224098206 
8 0.8030127286911011 
9 0.8245429992675781 
10 0.8282998204231262 
11 0.8157863020896912 
12 0.8262453675270081 
13 0.8483858704566956 
14 0.8248299956321716 
15 0.8219992518424988 
16 0.8109870553016663 
17 0.8143050074577332 
18 0.7906680703163147 
19 0.761336624622345 
20 0.7620325684547424 
21 0.7126009464263916 
22 0.6727622151374817 
23 0.6252523064613342 
24 0.636993408203125 
25 0.6004782915115356 
26 0.5297902226448059 
27 0.45415326952934265 
28 0.43380415439605713 
29 0.3893170952796936 
30 0.3466029763221741 
31 0.3158615231513977 
32 0.35318851470947266 
33 0.3519538938999176 
34 0.33014020323753357 
35 0.3352556526660919 
36 0.3289860188961029 
37 0.3843112289905548 
38 0.44344037771224976 
39 0.47565406560897827 
40 0.53449547290802 
41 0.6386722326278687 
42 0.6975213885307312 
43 0.6750674247741699 
44 0.6641809940338135 
45 0.7523788213729858 
46 0.7887124419212341 
47 0.7383204698562622 
48 0.779049277305603 
49 0.8036127090454102 
50 0.8102384805679321 
51 0.7752985954284668 
52 0.7901154160499573 
53 0.8097429275512695 
54 0.7998458743095398 
55 0.776118814945221 
56 0.7756515741348267 
57 0.7662040591239929 
58 0.7341148853302002 
59 0.7110826373100281 
60 0.6765252947807312 
61 0.6728962063789368 
62 0.6619460582733154 
63 0.6276386380195618 
64 0.655198335647583 
65 0.6431031227111816 
66 0.6812036037445068 
67 0.6980956792831421 
68 0.7051277160644531 
69 0.7048059105873108 
70 0.7193904519081116 
71 0.7225651144981384 
72 0.7492896914482117 
73 0.7538095116615295 
74 0.7745497822761536 
75 0.7662141919136047 
76 0.7789546847343445 
77 0.7625871300697327 
78 0.790166974067688 
79 0.7845942974090576 
80 0.7636928558349609 
81 0.7684557437896729 
82 0.7912384271621704 
83 0.771798849105835 
84 0.7315340042114258 
85 0.7404265999794006 
86 0.749180257320404 
87 0.7041505575180054 
88 0.6714547872543335 
89 0.6963129043579102 
90 0.6698058843612671 
91 0.6245028972625732 
92 0.6190817356109619 
93 0.6255255937576294 
94 0.6029177308082581 
95 0.5527289509773254 
96 0.5166367292404175 
97 0.44202786684036255 
98 0.38375604152679443 
99 0.42069298028945923 
100 0.38463956117630005 
101 0.2904890179634094 
102 0.30108290910720825 
103 0.32249516248703003 
104 0.2753378748893738 
105 0.2846128046512604 
106 0.2784492075443268 
107 0.2960861623287201 
108 0.29901495575904846 
109 0.2799874544143677 
110 0.25814613699913025 
111 0.3087572753429413 
112 0.2930414378643036 
113 0.2811940312385559 
114 0.2714231014251709 
115 0.29574888944625854 
116 0.2917115092277527 
117 0.31490445137023926 
118 0.34397193789482117 
119 0.34721460938453674 
120 0.419572114944458 
121 0.42992085218429565 
122 0.5035421848297119 
123 0.4587383270263672 
124 0.4430963397026062 
125 0.4151986837387085 
126 0.4207468032836914 
127 0.4572025239467621 
128 0.4578735828399658 
129 0.48956120014190674 
130 0.5014789700508118 
131 0.517963171005249 
132 0.5355468988418579 
133 0.5588327646255493 
134 0.5571812987327576 
135 0.5803618431091309 
136 0.5874764323234558 
137 0.5922958254814148 
138 0.611923336982727 
139 0.6013725399971008 
140 0.6434419751167297 
141 0.6272118091583252 
142 0.6329798698425293 
143 0.6657810211181641 
144 0.7190430164337158 
145 0.6909844279289246 
146 0.69307541847229 
147 0.7303547263145447 
148 0.7657018303871155 
149 0.7427335977554321 
150 0.7687560319900513 
151 0.7969332337379456 
152 0.7855694890022278 
153 0.7834950089454651 
154 0.7857949733734131 
155 0.7985901236534119 
156 0.7971904277801514 
157 0.7936856150627136 
158 0.8098598718643188 
159 0.7953842878341675 
160 0.7936702966690063 
161 0.7889496684074402 
162 0.7916165590286255 
163 0.764930784702301 
164 0.7557336688041687 
165 0.7523012161254883 
166 0.7291140556335449 
167 0.6794869303703308 
168 0.6055437922477722 
169 0.5307708978652954 
170 0.5735262036323547 
171 0.6145033240318298 
172 0.7091619372367859 
173 0.7405296564102173 
174 0.7550091743469238 
175 0.7927882075309753 
176 0.7905349731445312 
177 0.8033302426338196 
178 0.8248172998428345 
179 0.8281461596488953 
180 0.8254370093345642 
181 0.8402512073516846 
182 0.8640589118003845 
183 0.8429383635520935 
184 0.8382081389427185 
185 0.8449459671974182 
186 0.8421158194541931 
187 0.816049337387085 
188 0.7938926219940186 
189 0.8146979808807373 
190 0.7835941910743713 
191 0.7395525574684143 
192 0.6892656087875366 
193 0.7270730137825012 
194 0.673778235912323 
195 0.5917039513587952 
196 0.5297231674194336 
197 0.5055449604988098 
198 0.40416276454925537 
199 0.3700619637966156 
200 0.3581705391407013 
201 0.4168534278869629 
202 0.38814985752105713 
203 0.3602280020713806 
204 0.35803553462028503 
205 0.4084285795688629 
206 0.4442455768585205 
207 0.49854058027267456 
208 0.48087334632873535 
209 0.5460602045059204 
210 0.6918237805366516 
211 0.7341402769088745 
212 0.6945780515670776 
213 0.6774312853813171 
214 0.7689527869224548 
215 0.8096616864204407 
216 0.7656828165054321 
217 0.7924017310142517 
218 0.8233136534690857 
219 0.8349602222442627 
220 0.7969698905944824 
221 0.8052920699119568 
222 0.8192384839057922 
223 0.8157992959022522 
224 0.7868419289588928 
225 0.7799215912818909 
226 0.7752346992492676 
227 0.7517913579940796 
228 0.731608510017395 
229 0.6938023567199707 
230 0.695189893245697 
231 0.6787399053573608 
232 0.6371815800666809 
233 0.6651423573493958 
234 0.6348156332969666 
235 0.6820433139801025 
236 0.7059093117713928 
237 0.714460015296936 
238 0.6875102519989014 
239 0.7114753723144531 
240 0.7327345609664917 
241 0.741736650466919 
242 0.7371507287025452 
243 0.7718891501426697 
244 0.7753989100456238 
245 0.7673882842063904 
246 0.7546312212944031 
247 0.7948216199874878 
248 0.7851561307907104 
249 0.761843740940094 
250 0.7654374837875366 
251 0.8041213154792786 
252 0.7897734045982361 
253 0.7474436163902283 
254 0.7536563277244568 
255 0.7917651534080505 
256 0.7473204731941223 
257 0.6991326808929443 
258 0.7505099177360535 
259 0.7522130012512207 
260 0.6817113161087036 
261 0.679153323173523 
262 0.7298737168312073 
263 0.6823882460594177 
264 0.6427900791168213 
265 0.6549561023712158 
266 0.6124520301818848 
267 0.49692675471305847 
268 0.49586281180381775 
269 0.4166496992111206 
270 0.3299417495727539 
271 0.33471524715423584 
272 0.34967875480651855 
273 0.3479344844818115 
274 0.3170357644557953 
275 0.33385276794433594 
276 0.34053564071655273 
277 0.3319787085056305 
278 0.31279894709587097 
279 0.35294830799102783 
280 0.37133026123046875 
281 0.3190290927886963 
282 0.3244345784187317 
283 0.380470871925354 
284 0.3863919973373413 
285 0.4511944651603699 
286 0.4983135461807251 
287 0.601828396320343 
288 0.6033307313919067 
289 0.6139699816703796 
290 0.6382906436920166 
291 0.7001400589942932 
292 0.6709089279174805 
293 0.6562106013298035 
294 0.5863522291183472 
295 0.6284427642822266 
296 0.6409170627593994 
297 0.681635856628418 
298 0.6805444359779358 
299 0.6904379725456238 
300 0.738063633441925 
301 0.7342813014984131 
302 0.7450835704803467 
303 0.7298261523246765 
304 0.7462593913078308 
305 0.7869713306427002 
306 0.7418828010559082 
307 0.7406131625175476 
308 0.7695677280426025 
309 0.7831258177757263 
310 0.7324811816215515 
311 0.748806893825531 
312 0.7909038662910461 
313 0.7680409550666809 
314 0.7398157119750977 
315 0.7875261902809143 
316 0.8118072152137756 
317 0.7906304597854614 
318 0.7811669707298279 
319 0.8166632652282715 
320 0.8254226446151733 
321 0.7988125681877136 
322 0.8131147027015686 
323 0.8314696550369263 
324 0.8205427527427673 
325 0.807447612285614 
326 0.8091061115264893 
327 0.8013496398925781 
328 0.7944806814193726 
329 0.8040218353271484 
330 0.7962583303451538 
331 0.7722992300987244 
332 0.7679381370544434 
333 0.7349023222923279 
334 0.7094772458076477 
335 0.7079557776451111 
336 0.6791432499885559 
337 0.5766675472259521 
338 0.5424510836601257 
339 0.6651492118835449 
340 0.7373887300491333 
341 0.7431487441062927 
342 0.7638897895812988 
343 0.7275205254554749 
344 0.7338846325874329 
345 0.7552177309989929 
346 0.719848096370697 
347 0.6981963515281677 
348 0.686699390411377 
349 0.616244912147522 
350 0.5990379452705383 
351 0.6104760766029358 
352 0.5581364035606384 
353 0.5571511387825012 
354 0.5375856161117554 
355 0.5244466066360474 
356 0.48454004526138306 
357 0.4910482168197632 
358 0.5125764012336731 
359 0.4905182123184204 
360 0.4555931091308594 
361 0.5066999197006226 
362 0.5188778638839722 
363 0.49209970235824585 
364 0.4671030640602112 
365 0.49810752272605896 
366 0.49390867352485657 
367 0.5048791766166687 
368 0.5017111897468567 
369 0.5089665651321411 
370 0.49922338128089905 
371 0.4730303883552551 
372 0.5378443002700806 
373 0.5373819470405579 
374 0.5660204291343689 
375 0.6024866104125977 
376 0.6258864402770996 
377 0.6185008883476257 
378 0.6576848030090332 
379 0.6737127304077148 
380 0.635881245136261 
381 0.6751732230186462 
382 0.7176566123962402 
383 0.6773700714111328 
384 0.6459762454032898 
385 0.6754791736602783 
386 0.7033647894859314 
387 0.6006712317466736 
388 0.5862030386924744 
389 0.6596149206161499 
390 0.602134644985199 
391 0.5301999449729919 
392 0.5332724452018738 
393 0.5594388842582703 
394 0.4856519103050232 
395 0.40170571208000183 
396 0.39869651198387146 
397 0.39346808195114136 
398 0.38548049330711365 
399 0.4028574228286743 
400 0.38051506876945496 
401 0.44490551948547363 
402 0.45240235328674316 
403 0.5779244303703308 
404 0.5335623025894165 
405 0.6481260657310486 
406 0.6236519813537598 
407 0.5669612288475037 
408 0.6436601281166077 
409 0.6639963984489441 
410 0.6220889687538147 
411 0.5828043222427368 
412 0.642217755317688 
413 0.6061537861824036 
414 0.527771532535553 
415 0.5557869076728821 
416 0.5945307612419128 
417 0.48004254698753357 
