0.2 0.2680854288736979 
1.0 0.36787846213892883 
1.0 0.40733318328857426 
0.2 0.2817466227213542 
1.0 0.40238510934930094 
1.0 0.5139149188995361 
0.2 0.2562020365397135 
1.0 0.3789100646972656 
1.0 0.4005714416503906 
0.2 0.2562020365397135 
1.0 0.3789100646972656 
1.0 0.4005714416503906 
0.2 0.27599192301432296 
1.0 0.3901985570004112 
1.0 0.42334084510803227 
0.2 0.27599192301432296 
1.0 0.3901985570004112 
1.0 0.42334084510803227 
0.2 0.27599192301432296 
1.0 0.3901985570004112 
1.0 0.42334084510803227 
0.2 0.27599192301432296 
1.0 0.3901985570004112 
1.0 0.42334084510803227 
0.2 0.27599192301432296 
1.0 0.3901985570004112 
1.0 0.42334084510803227 
0.2 0.27599192301432296 
1.0 0.3901985570004112 
1.0 0.42334084510803227 
0.2 0.2646864318847656 
1.0 0.39085418299624797 
1.0 0.4080406665802002 
0.2 0.2646864318847656 
1.0 0.39085418299624797 
1.0 0.4080406665802002 
0.2 0.26608154296875 
1.0 0.3888437371504935 
1.0 0.38028717041015625 
0.2 0.26608154296875 
1.0 0.3888437371504935 
1.0 0.38028717041015625 
0.2 0.262643788655599 
1.0 0.38301518088892883 
1.0 0.37864751815795894 
0.2 0.262643788655599 
1.0 0.38301518088892883 
1.0 0.37864751815795894 
0.2 0.262643788655599 
1.0 0.38301518088892883 
1.0 0.37864751815795894 
0.2 0.262643788655599 
1.0 0.38301518088892883 
1.0 0.37864751815795894 
0.2 0.2555622355143229 
1.0 0.38425264860454356 
1.0 0.36328792572021484 
0.2 0.2555622355143229 
1.0 0.38425264860454356 
1.0 0.36328792572021484 
0.2 0.2698732503255208 
1.0 0.4020676863820929 
1.0 0.36968832015991215 
0.2 0.2698732503255208 
1.0 0.4020676863820929 
1.0 0.36968832015991215 
0.2 0.27208933512369793 
1.0 0.3926105499267578 
1.0 0.38074207305908203 
0.2 0.27208933512369793 
1.0 0.3926105499267578 
1.0 0.38074207305908203 
0.2 0.2663931783040364 
1.0 0.3870323582699424 
1.0 0.3632686138153076 
0.2 0.2663931783040364 
1.0 0.3870323582699424 
1.0 0.3632686138153076 
0.2 0.24581975301106773 
1.0 0.35391912962260996 
1.0 0.36268768310546873 
0.2 0.24581975301106773 
1.0 0.35391912962260996 
1.0 0.36268768310546873 
0.2 0.25520370483398436 
1.0 0.3690732654772306 
1.0 0.23343443870544434 
0.2 0.25520370483398436 
1.0 0.3690732654772306 
1.0 0.23343443870544434 
0.2 0.25520370483398436 
1.0 0.3690732654772306 
1.0 0.23343443870544434 
0.2 0.25520370483398436 
1.0 0.3690732654772306 
1.0 0.23343443870544434 
0.2 0.25520370483398436 
1.0 0.3690732654772306 
1.0 0.23343443870544434 
0.2 0.25520370483398436 
1.0 0.3690732654772306 
1.0 0.23343443870544434 
0.2 0.25520370483398436 
1.0 0.3690732654772306 
1.0 0.23343443870544434 
0.2 0.25520370483398436 
1.0 0.3690732654772306 
1.0 0.23343443870544434 
0.2 0.25520370483398436 
1.0 0.3690732654772306 
1.0 0.23343443870544434 
0.2 0.25520370483398436 
1.0 0.3690732654772306 
1.0 0.23343443870544434 
0.2 0.25520370483398436 
1.0 0.3690732654772306 
1.0 0.23343443870544434 
0.2 0.25520370483398436 
1.0 0.3690732654772306 
1.0 0.23343443870544434 
0.2 0.25520370483398436 
1.0 0.3690732654772306 
1.0 0.23343443870544434 
0.2 0.25520370483398436 
1.0 0.3690732654772306 
1.0 0.23343443870544434 
0.2 0.25520370483398436 
1.0 0.3690732654772306 
1.0 0.23343443870544434 
0.2 0.25520370483398436 
1.0 0.3690732654772306 
1.0 0.23343443870544434 
0.2 0.25520370483398436 
1.0 0.3690732654772306 
1.0 0.23343443870544434 
0.2 0.25520370483398436 
1.0 0.3690732654772306 
1.0 0.23343443870544434 
0.2 0.25520370483398436 
1.0 0.3690732654772306 
1.0 0.23343443870544434 
0.2 0.25520370483398436 
1.0 0.3690732654772306 
1.0 0.23343443870544434 
0.2 0.25520370483398436 
1.0 0.3690732654772306 
1.0 0.23343443870544434 
0.2 0.25520370483398436 
1.0 0.3690732654772306 
1.0 0.23343443870544434 
0.2 0.25520370483398436 
1.0 0.3690732654772306 
1.0 0.23343443870544434 
0.2 0.25520370483398436 
1.0 0.3690732654772306 
1.0 0.23343443870544434 
0.2 0.25520370483398436 
1.0 0.3690732654772306 
1.0 0.23343443870544434 
0.2 0.25520370483398436 
1.0 0.3690732654772306 
1.0 0.23343443870544434 
0.2 0.25520370483398436 
1.0 0.3690732654772306 
1.0 0.23343443870544434 
0.2 0.25520370483398436 
1.0 0.3690732654772306 
1.0 0.23343443870544434 
0.2 0.25520370483398436 
1.0 0.3690732654772306 
1.0 0.23343443870544434 
0.2 0.25520370483398436 
1.0 0.3690732654772306 
1.0 0.23343443870544434 
0.2 0.25520370483398436 
1.0 0.3690732654772306 
1.0 0.23343443870544434 
0.2 0.25520370483398436 
1.0 0.3690732654772306 
1.0 0.23343443870544434 
0.2 0.25520370483398436 
1.0 0.3690732654772306 
1.0 0.23343443870544434 
0.2 0.25520370483398436 
1.0 0.3690732654772306 
1.0 0.23343443870544434 
0.2 0.25520370483398436 
1.0 0.3690732654772306 
1.0 0.23343443870544434 
0.2 0.25520370483398436 
1.0 0.3690732654772306 
1.0 0.23343443870544434 
0.2 0.25520370483398436 
1.0 0.3690732654772306 
1.0 0.23343443870544434 
0.2 0.25520370483398436 
1.0 0.3690732654772306 
1.0 0.23343443870544434 
0.2 0.25520370483398436 
1.0 0.3690732654772306 
1.0 0.23343443870544434 
0.2 0.25520370483398436 
1.0 0.3690732654772306 
1.0 0.23343443870544434 
0.2 0.25520370483398436 
1.0 0.3690732654772306 
1.0 0.23343443870544434 
0.2 0.25520370483398436 
1.0 0.3690732654772306 
1.0 0.23343443870544434 
0.2 0.25520370483398436 
1.0 0.3690732654772306 
1.0 0.23343443870544434 
0.2 0.25520370483398436 
1.0 0.3690732654772306 
1.0 0.23343443870544434 
0.2 0.25520370483398436 
1.0 0.3690732654772306 
1.0 0.23343443870544434 
0.2 0.25520370483398436 
1.0 0.3690732654772306 
1.0 0.23343443870544434 
0.2 0.25520370483398436 
1.0 0.3690732654772306 
1.0 0.23343443870544434 
0.2 0.25520370483398436 
1.0 0.3690732654772306 
1.0 0.23343443870544434 
0.2 0.25520370483398436 
1.0 0.3690732654772306 
1.0 0.23343443870544434 
0.2 0.2822519429524739 
1.0 0.39271891744513265 
1.0 0.542777681350708 
0.2 0.26216054280598955 
1.0 0.3399229049682617 
1.0 0.4715980052947998 
0.2 0.23324137369791664 
1.0 0.26965577978836863 
1.0 0.4962328910827637 
0.2 0.23460754394531247 
1.0 0.2711302104749178 
1.0 0.39641461372375486 
0.2 0.23460754394531247 
1.0 0.2711302104749178 
1.0 0.39641461372375486 
0.2 0.20898885091145836 
1.0 0.2369888707211143 
1.0 0.3603187561035156 
0.2 0.20898885091145836 
1.0 0.2369888707211143 
1.0 0.3603187561035156 
0.2 0.20898885091145836 
1.0 0.2369888707211143 
1.0 0.3603187561035156 
0.2 0.20898885091145836 
1.0 0.2369888707211143 
1.0 0.3603187561035156 
0.2 0.21012888590494794 
1.0 0.2374045723362973 
1.0 0.36363263130187984 
0.2 0.21012888590494794 
1.0 0.2374045723362973 
1.0 0.36363263130187984 
0.2 0.22223541259765622 
1.0 0.2479746969122636 
1.0 0.3736493110656738 
0.2 0.22223541259765622 
1.0 0.2479746969122636 
1.0 0.3736493110656738 
0.2 0.22223541259765622 
1.0 0.2479746969122636 
1.0 0.3736493110656738 
0.2 0.22223541259765622 
1.0 0.2479746969122636 
1.0 0.3736493110656738 
0.2 0.22223541259765622 
1.0 0.2479746969122636 
1.0 0.3736493110656738 
0.2 0.22223541259765622 
1.0 0.2479746969122636 
1.0 0.3736493110656738 
0.2 0.22223541259765622 
1.0 0.2479746969122636 
1.0 0.3736493110656738 
0.2 0.22223541259765622 
1.0 0.2479746969122636 
1.0 0.3736493110656738 
0.2 0.22223541259765622 
1.0 0.2479746969122636 
1.0 0.3736493110656738 
0.2 0.22223541259765622 
1.0 0.2479746969122636 
1.0 0.3736493110656738 
0.2 0.22223541259765622 
1.0 0.2479746969122636 
1.0 0.3736493110656738 
0.2 0.22223541259765622 
1.0 0.2479746969122636 
1.0 0.3736493110656738 
0.2 0.22223541259765622 
1.0 0.2479746969122636 
1.0 0.3736493110656738 
0.2 0.22223541259765622 
1.0 0.2479746969122636 
1.0 0.3736493110656738 
0.2 0.22223541259765622 
1.0 0.2479746969122636 
1.0 0.3736493110656738 
0.2 0.22223541259765622 
1.0 0.2479746969122636 
1.0 0.3736493110656738 
0.2 0.22223541259765622 
1.0 0.2479746969122636 
1.0 0.3736493110656738 
0.2 0.22223541259765622 
1.0 0.2479746969122636 
1.0 0.3736493110656738 
0.2 0.22223541259765622 
1.0 0.2479746969122636 
1.0 0.3736493110656738 
0.2 0.22223541259765622 
1.0 0.2479746969122636 
1.0 0.3736493110656738 
0.2 0.22223541259765622 
1.0 0.2479746969122636 
1.0 0.3736493110656738 
0.2 0.22223541259765622 
1.0 0.2479746969122636 
1.0 0.3736493110656738 
0.2 0.22223541259765622 
1.0 0.2479746969122636 
1.0 0.3736493110656738 
0.2 0.22223541259765622 
1.0 0.2479746969122636 
1.0 0.3736493110656738 
0.2 0.22223541259765622 
1.0 0.2479746969122636 
1.0 0.3736493110656738 
0.2 0.22223541259765622 
1.0 0.2479746969122636 
1.0 0.3736493110656738 
0.2 0.22223541259765622 
1.0 0.2479746969122636 
1.0 0.3736493110656738 
0.2 0.22223541259765622 
1.0 0.2479746969122636 
1.0 0.3736493110656738 
0.2 0.22223541259765622 
1.0 0.2479746969122636 
1.0 0.3736493110656738 
0.2 0.22223541259765622 
1.0 0.2479746969122636 
1.0 0.3736493110656738 
0.2 0.22223541259765622 
1.0 0.2479746969122636 
1.0 0.3736493110656738 
0.2 0.22223541259765622 
1.0 0.2479746969122636 
1.0 0.3736493110656738 
0.2 0.22223541259765622 
1.0 0.2479746969122636 
1.0 0.3736493110656738 
0.2 0.22223541259765622 
1.0 0.2479746969122636 
1.0 0.3736493110656738 
0.2 0.22223541259765622 
1.0 0.2479746969122636 
1.0 0.3736493110656738 
0.2 0.22223541259765622 
1.0 0.2479746969122636 
1.0 0.3736493110656738 
0.2 0.22223541259765622 
1.0 0.2479746969122636 
1.0 0.3736493110656738 
0.2 0.22223541259765622 
1.0 0.2479746969122636 
1.0 0.3736493110656738 
0.2 0.2234644063313802 
1.0 0.24350608022589437 
1.0 0.37392282485961914 
0.2 0.2234644063313802 
1.0 0.24350608022589437 
1.0 0.37392282485961914 
0.2 0.2234644063313802 
1.0 0.24350608022589437 
1.0 0.37392282485961914 
0.2 0.2234644063313802 
1.0 0.24350608022589437 
1.0 0.37392282485961914 
0.2 0.2234644063313802 
1.0 0.24350608022589437 
1.0 0.37392282485961914 
0.2 0.2234644063313802 
1.0 0.24350608022589437 
1.0 0.37392282485961914 
0.2 0.22174143473307295 
1.0 0.24132623170551504 
1.0 0.3690053462982178 
0.2 0.22174143473307295 
1.0 0.24132623170551504 
1.0 0.3690053462982178 
0.2 0.22174143473307295 
1.0 0.24132623170551504 
1.0 0.3690053462982178 
0.2 0.22174143473307295 
1.0 0.24132623170551504 
1.0 0.3690053462982178 
0.2 0.22174143473307295 
1.0 0.24132623170551504 
1.0 0.3690053462982178 
0.2 0.22174143473307295 
1.0 0.24132623170551504 
1.0 0.3690053462982178 
0.2 0.22174143473307295 
1.0 0.24132623170551504 
1.0 0.3690053462982178 
0.2 0.22174143473307295 
1.0 0.24132623170551504 
1.0 0.3690053462982178 
0.2 0.22174143473307295 
1.0 0.24132623170551504 
1.0 0.3690053462982178 
0.2 0.22174143473307295 
1.0 0.24132623170551504 
1.0 0.3690053462982178 
0.2 0.22174143473307295 
1.0 0.24132623170551504 
1.0 0.3690053462982178 
0.2 0.22174143473307295 
1.0 0.24132623170551504 
1.0 0.3690053462982178 
0.2 0.22174143473307295 
1.0 0.24132623170551504 
1.0 0.3690053462982178 
0.2 0.22174143473307295 
1.0 0.24132623170551504 
1.0 0.3690053462982178 
0.2 0.22174143473307295 
1.0 0.24132623170551504 
1.0 0.3690053462982178 
0.2 0.22174143473307295 
1.0 0.24132623170551504 
1.0 0.3690053462982178 
0.2 0.22174143473307295 
1.0 0.24132623170551504 
1.0 0.3690053462982178 
0.2 0.22174143473307295 
1.0 0.24132623170551504 
1.0 0.3690053462982178 
0.2 0.22174143473307295 
1.0 0.24132623170551504 
1.0 0.3690053462982178 
0.2 0.22174143473307295 
1.0 0.24132623170551504 
1.0 0.3690053462982178 
0.2 0.22174143473307295 
1.0 0.24132623170551504 
1.0 0.3690053462982178 
0.2 0.22174143473307295 
1.0 0.24132623170551504 
1.0 0.3690053462982178 
0.2 0.22174143473307295 
1.0 0.24132623170551504 
1.0 0.3690053462982178 
0.2 0.22174143473307295 
1.0 0.24132623170551504 
1.0 0.3690053462982178 
0.2 0.22174143473307295 
1.0 0.24132623170551504 
1.0 0.3690053462982178 
0.2 0.22174143473307295 
1.0 0.24132623170551504 
1.0 0.3690053462982178 
0.2 0.22174143473307295 
1.0 0.24132623170551504 
1.0 0.3690053462982178 
0.2 0.22174143473307295 
1.0 0.24132623170551504 
1.0 0.3690053462982178 
0.2 0.22174143473307295 
1.0 0.24132623170551504 
1.0 0.3690053462982178 
0.2 0.22174143473307295 
1.0 0.24132623170551504 
1.0 0.3690053462982178 
0.2 0.22174143473307295 
1.0 0.24132623170551504 
1.0 0.3690053462982178 
0.2 0.22174143473307295 
1.0 0.24132623170551504 
1.0 0.3690053462982178 
0.2 0.22174143473307295 
1.0 0.24132623170551504 
1.0 0.3690053462982178 
0.2 0.22174143473307295 
1.0 0.24132623170551504 
1.0 0.3690053462982178 
0.2 0.22174143473307295 
1.0 0.24132623170551504 
1.0 0.3690053462982178 
0.2 0.22174143473307295 
1.0 0.24132623170551504 
1.0 0.3690053462982178 
0.2 0.22174143473307295 
1.0 0.24132623170551504 
1.0 0.3690053462982178 
0.2 0.22174143473307295 
1.0 0.24132623170551504 
1.0 0.3690053462982178 
0.2 0.22174143473307295 
1.0 0.24132623170551504 
1.0 0.3690053462982178 
0.2 0.22174143473307295 
1.0 0.24132623170551504 
1.0 0.3690053462982178 
0.2 0.22174143473307295 
1.0 0.24132623170551504 
1.0 0.3690053462982178 
0.2 0.22174143473307295 
1.0 0.24132623170551504 
1.0 0.3690053462982178 
0.2 0.22174143473307295 
1.0 0.24132623170551504 
1.0 0.3690053462982178 
0.2 0.22174143473307295 
1.0 0.24132623170551504 
1.0 0.3690053462982178 
0.2 0.22174143473307295 
1.0 0.24132623170551504 
1.0 0.3690053462982178 
0.2 0.22174143473307295 
1.0 0.24132623170551504 
1.0 0.3690053462982178 
0.2 0.22174143473307295 
1.0 0.24132623170551504 
1.0 0.3690053462982178 
0.2 0.22174143473307295 
1.0 0.24132623170551504 
1.0 0.3690053462982178 
0.2 0.22174143473307295 
1.0 0.24132623170551504 
1.0 0.3690053462982178 
0.2 0.22174143473307295 
1.0 0.24132623170551504 
1.0 0.3690053462982178 
0.2 0.22174143473307295 
1.0 0.24132623170551504 
1.0 0.3690053462982178 
0.2 0.22174143473307295 
1.0 0.24132623170551504 
1.0 0.3690053462982178 
0.2 0.22174143473307295 
1.0 0.24132623170551504 
1.0 0.3690053462982178 
0.2 0.22174143473307295 
1.0 0.24132623170551504 
1.0 0.3690053462982178 
0.2 0.22174143473307295 
1.0 0.24132623170551504 
1.0 0.3690053462982178 
0.2 0.22174143473307295 
1.0 0.24132623170551504 
1.0 0.3690053462982178 
0.2 0.22174143473307295 
1.0 0.24132623170551504 
1.0 0.3690053462982178 
0.2 0.22174143473307295 
1.0 0.24132623170551504 
1.0 0.3690053462982178 
0.2 0.22174143473307295 
1.0 0.24132623170551504 
1.0 0.3690053462982178 
0.2 0.22174143473307295 
1.0 0.24132623170551504 
1.0 0.3690053462982178 
0.2 0.22174143473307295 
1.0 0.24132623170551504 
1.0 0.3690053462982178 
0.2 0.22174143473307295 
1.0 0.24132623170551504 
1.0 0.3690053462982178 
0.2 0.22174143473307295 
1.0 0.24132623170551504 
1.0 0.3690053462982178 
0.2 0.22174143473307295 
1.0 0.24132623170551504 
1.0 0.3690053462982178 
0.2 0.22174143473307295 
1.0 0.24132623170551504 
1.0 0.3690053462982178 
0.2 0.22174143473307295 
1.0 0.24132623170551504 
1.0 0.3690053462982178 
0.2 0.22174143473307295 
1.0 0.24132623170551504 
1.0 0.3690053462982178 
0.2 0.22174143473307295 
1.0 0.24132623170551504 
1.0 0.3690053462982178 
0.2 0.22174143473307295 
1.0 0.24132623170551504 
1.0 0.3690053462982178 
0.2 0.22174143473307295 
1.0 0.24132623170551504 
1.0 0.3690053462982178 
0.2 0.22174143473307295 
1.0 0.24132623170551504 
1.0 0.3690053462982178 
0.2 0.22174143473307295 
1.0 0.24132623170551504 
1.0 0.3690053462982178 
0.2 0.22174143473307295 
1.0 0.24132623170551504 
1.0 0.3690053462982178 
0.2 0.22174143473307295 
1.0 0.24132623170551504 
1.0 0.3690053462982178 
0.2 0.22174143473307295 
1.0 0.24132623170551504 
1.0 0.3690053462982178 
0.2 0.22174143473307295 
1.0 0.24132623170551504 
1.0 0.3690053462982178 
0.2 0.22174143473307295 
1.0 0.24132623170551504 
1.0 0.3690053462982178 
0.2 0.22174143473307295 
1.0 0.24132623170551504 
1.0 0.3690053462982178 
0.2 0.22174143473307295 
1.0 0.24132623170551504 
1.0 0.3690053462982178 
0.2 0.22174143473307295 
1.0 0.24132623170551504 
1.0 0.3690053462982178 
0.2 0.22174143473307295 
1.0 0.24132623170551504 
1.0 0.3690053462982178 
0.2 0.22174143473307295 
1.0 0.24132623170551504 
1.0 0.3690053462982178 
0.2 0.22174143473307295 
1.0 0.24132623170551504 
1.0 0.3690053462982178 
0.2 0.22174143473307295 
1.0 0.24132623170551504 
1.0 0.3690053462982178 
0.2 0.22174143473307295 
1.0 0.24132623170551504 
1.0 0.3690053462982178 
0.2 0.22174143473307295 
1.0 0.24132623170551504 
1.0 0.3690053462982178 
0.2 0.22174143473307295 
1.0 0.24132623170551504 
1.0 0.3690053462982178 
0.2 0.22174143473307295 
1.0 0.24132623170551504 
1.0 0.3690053462982178 
0.2 0.22174143473307295 
1.0 0.24132623170551504 
1.0 0.3690053462982178 
0.2 0.22174143473307295 
1.0 0.24132623170551504 
1.0 0.3690053462982178 
0.2 0.22174143473307295 
1.0 0.24132623170551504 
1.0 0.3690053462982178 
0.2 0.22174143473307295 
1.0 0.24132623170551504 
1.0 0.3690053462982178 
0.2 0.22174143473307295 
1.0 0.24132623170551504 
1.0 0.3690053462982178 
0.2 0.22174143473307295 
1.0 0.24132623170551504 
1.0 0.3690053462982178 
0.2 0.22174143473307295 
1.0 0.24132623170551504 
1.0 0.3690053462982178 
0.2 0.22174143473307295 
1.0 0.24132623170551504 
1.0 0.3690053462982178 
0.2 0.22174143473307295 
1.0 0.24132623170551504 
1.0 0.3690053462982178 
0.2 0.22174143473307295 
1.0 0.24132623170551504 
1.0 0.3690053462982178 
0.2 0.22174143473307295 
1.0 0.24132623170551504 
1.0 0.3690053462982178 
0.2 0.22174143473307295 
1.0 0.24132623170551504 
1.0 0.3690053462982178 
0.2 0.22174143473307295 
1.0 0.24132623170551504 
1.0 0.3690053462982178 
0.2 0.22174143473307295 
1.0 0.24132623170551504 
1.0 0.3690053462982178 
0.2 0.22174143473307295 
1.0 0.24132623170551504 
1.0 0.3690053462982178 
0.2 0.22174143473307295 
1.0 0.24132623170551504 
1.0 0.3690053462982178 
0.2 0.22174143473307295 
1.0 0.24132623170551504 
1.0 0.3690053462982178 
0.2 0.22174143473307295 
1.0 0.24132623170551504 
1.0 0.3690053462982178 
0.2 0.22174143473307295 
1.0 0.24132623170551504 
1.0 0.3690053462982178 
0.2 0.22174143473307295 
1.0 0.24132623170551504 
1.0 0.3690053462982178 
0.2 0.22174143473307295 
1.0 0.24132623170551504 
1.0 0.3690053462982178 
0.2 0.22174143473307295 
1.0 0.24132623170551504 
1.0 0.3690053462982178 
0.2 0.22174143473307295 
1.0 0.24132623170551504 
1.0 0.3690053462982178 
0.2 0.22174143473307295 
1.0 0.24132623170551504 
1.0 0.3690053462982178 
0.2 0.22174143473307295 
1.0 0.24132623170551504 
1.0 0.3690053462982178 
0.2 0.22174143473307295 
1.0 0.24132623170551504 
1.0 0.3690053462982178 
0.2 0.22174143473307295 
1.0 0.24132623170551504 
1.0 0.3690053462982178 
0.2 0.22174143473307295 
1.0 0.24132623170551504 
1.0 0.3690053462982178 
0.2 0.22174143473307295 
1.0 0.24132623170551504 
1.0 0.3690053462982178 
0.2 0.22174143473307295 
1.0 0.24132623170551504 
1.0 0.3690053462982178 
0.2 0.22174143473307295 
1.0 0.24132623170551504 
1.0 0.3690053462982178 
0.2 0.22174143473307295 
1.0 0.24132623170551504 
1.0 0.3690053462982178 
0.2 0.22174143473307295 
1.0 0.24132623170551504 
1.0 0.3690053462982178 
0.2 0.22174143473307295 
1.0 0.24132623170551504 
1.0 0.3690053462982178 
0.2 0.22174143473307295 
1.0 0.24132623170551504 
1.0 0.3690053462982178 
0.2 0.22174143473307295 
1.0 0.24132623170551504 
1.0 0.3690053462982178 
0.2 0.22174143473307295 
1.0 0.24132623170551504 
1.0 0.3690053462982178 
0.2 0.22174143473307295 
1.0 0.24132623170551504 
1.0 0.3690053462982178 
0.2 0.22174143473307295 
1.0 0.24132623170551504 
1.0 0.3690053462982178 
0.2 0.22174143473307295 
1.0 0.24132623170551504 
1.0 0.3690053462982178 
0.2 0.22174143473307295 
1.0 0.24132623170551504 
1.0 0.3690053462982178 
0.2 0.22174143473307295 
1.0 0.24132623170551504 
1.0 0.3690053462982178 
0.2 0.22174143473307295 
1.0 0.24132623170551504 
1.0 0.3690053462982178 
0.2 0.22174143473307295 
1.0 0.24132623170551504 
1.0 0.3690053462982178 
0.2 0.22174143473307295 
1.0 0.24132623170551504 
1.0 0.3690053462982178 
0.2 0.22174143473307295 
1.0 0.24132623170551504 
1.0 0.3690053462982178 
0.2 0.22174143473307295 
1.0 0.24132623170551504 
1.0 0.3690053462982178 
0.2 0.22174143473307295 
1.0 0.24132623170551504 
1.0 0.3690053462982178 
0.2 0.22174143473307295 
1.0 0.24132623170551504 
1.0 0.3690053462982178 
0.2 0.22174143473307295 
1.0 0.24132623170551504 
1.0 0.3690053462982178 
0.2 0.22174143473307295 
1.0 0.24132623170551504 
1.0 0.3690053462982178 
0.2 0.22174143473307295 
1.0 0.24132623170551504 
1.0 0.3690053462982178 
0.2 0.22174143473307295 
1.0 0.24132623170551504 
1.0 0.3690053462982178 
0.2 0.22174143473307295 
1.0 0.24132623170551504 
1.0 0.3690053462982178 
0.2 0.22174143473307295 
1.0 0.24132623170551504 
1.0 0.3690053462982178 
0.2 0.22174143473307295 
1.0 0.24132623170551504 
1.0 0.3690053462982178 
0.2 0.22174143473307295 
1.0 0.24132623170551504 
1.0 0.3690053462982178 
0.2 0.22174143473307295 
1.0 0.24132623170551504 
1.0 0.3690053462982178 
0.2 0.22174143473307295 
1.0 0.24132623170551504 
1.0 0.3690053462982178 
0.2 0.22174143473307295 
1.0 0.24132623170551504 
1.0 0.3690053462982178 
0.2 0.22174143473307295 
1.0 0.24132623170551504 
1.0 0.3690053462982178 
0.2 0.22174143473307295 
1.0 0.24132623170551504 
1.0 0.3690053462982178 
0.2 0.22174143473307295 
1.0 0.24132623170551504 
1.0 0.3690053462982178 
0.2 0.22174143473307295 
1.0 0.24132623170551504 
1.0 0.3690053462982178 
0.2 0.22174143473307295 
1.0 0.24132623170551504 
1.0 0.3690053462982178 
0.2 0.22174143473307295 
1.0 0.24132623170551504 
1.0 0.3690053462982178 
0.2 0.22174143473307295 
1.0 0.24132623170551504 
1.0 0.3690053462982178 
0.2 0.22174143473307295 
1.0 0.24132623170551504 
1.0 0.3690053462982178 
0.2 0.22174143473307295 
1.0 0.24132623170551504 
1.0 0.3690053462982178 
0.2 0.22174143473307295 
1.0 0.24132623170551504 
1.0 0.3690053462982178 
0.2 0.22174143473307295 
1.0 0.24132623170551504 
1.0 0.3690053462982178 
0.2 0.22174143473307295 
1.0 0.24132623170551504 
1.0 0.3690053462982178 
0.2 0.22174143473307295 
1.0 0.24132623170551504 
1.0 0.3690053462982178 
0.2 0.22174143473307295 
1.0 0.24132623170551504 
1.0 0.3690053462982178 
0.2 0.22174143473307295 
1.0 0.24132623170551504 
1.0 0.3690053462982178 
0.2 0.22174143473307295 
1.0 0.24132623170551504 
1.0 0.3690053462982178 
0.2 0.22174143473307295 
1.0 0.24132623170551504 
1.0 0.3690053462982178 
0.2 0.22174143473307295 
1.0 0.24132623170551504 
1.0 0.3690053462982178 
0.2 0.22174143473307295 
1.0 0.24132623170551504 
1.0 0.3690053462982178 
0.2 0.22174143473307295 
1.0 0.24132623170551504 
1.0 0.3690053462982178 
0.2 0.22174143473307295 
1.0 0.24132623170551504 
1.0 0.3690053462982178 
0.2 0.22174143473307295 
1.0 0.24132623170551504 
1.0 0.3690053462982178 
0.2 0.22174143473307295 
1.0 0.24132623170551504 
1.0 0.3690053462982178 
0.2 0.22174143473307295 
1.0 0.24132623170551504 
1.0 0.3690053462982178 
0.2 0.22174143473307295 
1.0 0.24132623170551504 
1.0 0.3690053462982178 
0.2 0.22174143473307295 
1.0 0.24132623170551504 
1.0 0.3690053462982178 
0.2 0.22174143473307295 
1.0 0.24132623170551504 
1.0 0.3690053462982178 
0.2 0.22174143473307295 
1.0 0.24132623170551504 
1.0 0.3690053462982178 
0.2 0.22174143473307295 
1.0 0.24132623170551504 
1.0 0.3690053462982178 
0.2 0.22174143473307295 
1.0 0.24132623170551504 
1.0 0.3690053462982178 
0.2 0.22174143473307295 
1.0 0.24132623170551504 
1.0 0.3690053462982178 
0.2 0.22174143473307295 
1.0 0.24132623170551504 
1.0 0.3690053462982178 
0.2 0.22174143473307295 
1.0 0.24132623170551504 
1.0 0.3690053462982178 
0.2 0.22174143473307295 
1.0 0.24132623170551504 
1.0 0.3690053462982178 
0.2 0.22174143473307295 
1.0 0.24132623170551504 
1.0 0.3690053462982178 
0.2 0.22174143473307295 
1.0 0.24132623170551504 
1.0 0.3690053462982178 
0.2 0.22174143473307295 
1.0 0.24132623170551504 
1.0 0.3690053462982178 
0.2 0.22174143473307295 
1.0 0.24132623170551504 
1.0 0.3690053462982178 
0.2 0.22174143473307295 
1.0 0.24132623170551504 
1.0 0.3690053462982178 
0.2 0.22174143473307295 
1.0 0.24132623170551504 
1.0 0.3690053462982178 
0.2 0.22174143473307295 
1.0 0.24132623170551504 
1.0 0.3690053462982178 
0.2 0.22174143473307295 
1.0 0.24132623170551504 
1.0 0.3690053462982178 
0.2 0.22174143473307295 
1.0 0.24132623170551504 
1.0 0.3690053462982178 
0.2 0.22174143473307295 
1.0 0.24132623170551504 
1.0 0.3690053462982178 
0.2 0.22174143473307295 
1.0 0.24132623170551504 
1.0 0.3690053462982178 
0.2 0.22174143473307295 
1.0 0.24132623170551504 
1.0 0.3690053462982178 
0.2 0.22174143473307295 
1.0 0.24132623170551504 
1.0 0.3690053462982178 
0.2 0.22174143473307295 
1.0 0.24132623170551504 
1.0 0.3690053462982178 
0.2 0.22174143473307295 
1.0 0.24132623170551504 
1.0 0.3690053462982178 
0.2 0.22174143473307295 
1.0 0.24132623170551504 
1.0 0.3690053462982178 
0.2 0.22174143473307295 
1.0 0.24132623170551504 
1.0 0.3690053462982178 
0.2 0.22174143473307295 
1.0 0.24132623170551504 
1.0 0.3690053462982178 
0.2 0.22174143473307295 
1.0 0.24132623170551504 
1.0 0.3690053462982178 
0.2 0.22174143473307295 
1.0 0.24132623170551504 
1.0 0.3690053462982178 
0.2 0.22174143473307295 
1.0 0.24132623170551504 
1.0 0.3690053462982178 
0.2 0.22174143473307295 
1.0 0.24132623170551504 
1.0 0.3690053462982178 
0.2 0.22174143473307295 
1.0 0.24132623170551504 
1.0 0.3690053462982178 
0.2 0.22174143473307295 
1.0 0.24132623170551504 
1.0 0.3690053462982178 
0.2 0.22174143473307295 
1.0 0.24132623170551504 
1.0 0.3690053462982178 
0.2 0.22174143473307295 
1.0 0.24132623170551504 
1.0 0.3690053462982178 
0.2 0.22174143473307295 
1.0 0.24132623170551504 
1.0 0.3690053462982178 
0.2 0.22174143473307295 
1.0 0.24132623170551504 
1.0 0.3690053462982178 
0.2 0.22174143473307295 
1.0 0.24132623170551504 
1.0 0.3690053462982178 
0.2 0.22174143473307295 
1.0 0.24132623170551504 
1.0 0.3690053462982178 
0.2 0.22174143473307295 
1.0 0.24132623170551504 
1.0 0.3690053462982178 
0.2 0.22174143473307295 
1.0 0.24132623170551504 
1.0 0.3690053462982178 
0.2 0.22174143473307295 
1.0 0.24132623170551504 
1.0 0.3690053462982178 
0.2 0.22174143473307295 
1.0 0.24132623170551504 
1.0 0.3690053462982178 
0.2 0.22174143473307295 
1.0 0.24132623170551504 
1.0 0.3690053462982178 
0.2 0.22174143473307295 
1.0 0.24132623170551504 
1.0 0.3690053462982178 
0.2 0.22174143473307295 
1.0 0.24132623170551504 
1.0 0.3690053462982178 
0.2 0.22174143473307295 
1.0 0.24132623170551504 
1.0 0.3690053462982178 
0.2 0.22174143473307295 
1.0 0.24132623170551504 
1.0 0.3690053462982178 
0.2 0.22174143473307295 
1.0 0.24132623170551504 
1.0 0.3690053462982178 
0.2 0.22174143473307295 
1.0 0.24132623170551504 
1.0 0.3690053462982178 
0.2 0.22174143473307295 
1.0 0.24132623170551504 
1.0 0.3690053462982178 
0.2 0.22174143473307295 
1.0 0.24132623170551504 
1.0 0.3690053462982178 
0.2 0.21002848307291666 
1.0 0.2312451412803248 
1.0 0.32161650657653806 
0.2 0.21002848307291666 
1.0 0.2312451412803248 
1.0 0.32161650657653806 
0.2 0.21002848307291666 
1.0 0.2312451412803248 
1.0 0.32161650657653806 
0.2 0.21002848307291666 
1.0 0.2312451412803248 
1.0 0.32161650657653806 
0.2 0.21002848307291666 
1.0 0.2312451412803248 
1.0 0.32161650657653806 
0.2 0.21002848307291666 
1.0 0.2312451412803248 
1.0 0.32161650657653806 
0.2 0.21002848307291666 
1.0 0.2312451412803248 
1.0 0.32161650657653806 
0.2 0.21002848307291666 
1.0 0.2312451412803248 
1.0 0.32161650657653806 
0.2 0.21002848307291666 
1.0 0.2312451412803248 
1.0 0.32161650657653806 
0.2 0.21002848307291666 
1.0 0.2312451412803248 
1.0 0.32161650657653806 
0.2 0.21002848307291666 
1.0 0.2312451412803248 
1.0 0.32161650657653806 
0.2 0.21002848307291666 
1.0 0.2312451412803248 
1.0 0.32161650657653806 
0.2 0.21002848307291666 
1.0 0.2312451412803248 
1.0 0.32161650657653806 
0.2 0.21002848307291666 
1.0 0.2312451412803248 
1.0 0.32161650657653806 
0.2 0.21002848307291666 
1.0 0.2312451412803248 
1.0 0.32161650657653806 
0.2 0.21002848307291666 
1.0 0.2312451412803248 
1.0 0.32161650657653806 
0.2 0.21002848307291666 
1.0 0.2312451412803248 
1.0 0.32161650657653806 
0.2 0.21002848307291666 
1.0 0.2312451412803248 
1.0 0.32161650657653806 
0.2 0.21002848307291666 
1.0 0.2312451412803248 
1.0 0.32161650657653806 
0.2 0.21002848307291666 
1.0 0.2312451412803248 
1.0 0.32161650657653806 
0.2 0.21002848307291666 
1.0 0.2312451412803248 
1.0 0.32161650657653806 
0.2 0.21002848307291666 
1.0 0.2312451412803248 
1.0 0.32161650657653806 
0.2 0.21002848307291666 
1.0 0.2312451412803248 
1.0 0.32161650657653806 
0.2 0.21002848307291666 
1.0 0.2312451412803248 
1.0 0.32161650657653806 
0.2 0.21002848307291666 
1.0 0.2312451412803248 
1.0 0.32161650657653806 
0.2 0.21002848307291666 
1.0 0.2312451412803248 
1.0 0.32161650657653806 
0.2 0.21002848307291666 
1.0 0.2312451412803248 
1.0 0.32161650657653806 
0.2 0.21002848307291666 
1.0 0.2312451412803248 
1.0 0.32161650657653806 
0.2 0.21002848307291666 
1.0 0.2312451412803248 
1.0 0.32161650657653806 
0.2 0.21002848307291666 
1.0 0.2312451412803248 
1.0 0.32161650657653806 
0.2 0.21002848307291666 
1.0 0.2312451412803248 
1.0 0.32161650657653806 
0.2 0.21002848307291666 
1.0 0.2312451412803248 
1.0 0.32161650657653806 
0.2 0.21002848307291666 
1.0 0.2312451412803248 
1.0 0.32161650657653806 
0.2 0.21002848307291666 
1.0 0.2312451412803248 
1.0 0.32161650657653806 
0.2 0.21002848307291666 
1.0 0.2312451412803248 
1.0 0.32161650657653806 
0.2 0.21002848307291666 
1.0 0.2312451412803248 
1.0 0.32161650657653806 
0.2 0.21002848307291666 
1.0 0.2312451412803248 
1.0 0.32161650657653806 
0.2 0.21002848307291666 
1.0 0.2312451412803248 
1.0 0.32161650657653806 
0.2 0.21002848307291666 
1.0 0.2312451412803248 
1.0 0.32161650657653806 
0.2 0.21002848307291666 
1.0 0.2312451412803248 
1.0 0.32161650657653806 
0.2 0.21002848307291666 
1.0 0.2312451412803248 
1.0 0.32161650657653806 
0.2 0.21002848307291666 
1.0 0.2312451412803248 
1.0 0.32161650657653806 
0.2 0.21002848307291666 
1.0 0.2312451412803248 
1.0 0.32161650657653806 
0.2 0.21002848307291666 
1.0 0.2312451412803248 
1.0 0.32161650657653806 
0.2 0.21002848307291666 
1.0 0.2312451412803248 
1.0 0.32161650657653806 
0.2 0.21002848307291666 
1.0 0.2312451412803248 
1.0 0.32161650657653806 
0.2 0.21002848307291666 
1.0 0.2312451412803248 
1.0 0.32161650657653806 
0.2 0.21002848307291666 
1.0 0.2312451412803248 
1.0 0.32161650657653806 
0.2 0.21002848307291666 
1.0 0.2312451412803248 
1.0 0.32161650657653806 
0.2 0.21002848307291666 
1.0 0.2312451412803248 
1.0 0.32161650657653806 
0.2 0.21002848307291666 
1.0 0.2312451412803248 
1.0 0.32161650657653806 
0.2 0.21002848307291666 
1.0 0.2312451412803248 
1.0 0.32161650657653806 
0.2 0.21002848307291666 
1.0 0.2312451412803248 
1.0 0.32161650657653806 
0.2 0.21002848307291666 
1.0 0.2312451412803248 
1.0 0.32161650657653806 
0.2 0.21002848307291666 
1.0 0.2312451412803248 
1.0 0.32161650657653806 
0.2 0.21002848307291666 
1.0 0.2312451412803248 
1.0 0.32161650657653806 
0.2 0.21002848307291666 
1.0 0.2312451412803248 
1.0 0.32161650657653806 
0.2 0.21002848307291666 
1.0 0.2312451412803248 
1.0 0.32161650657653806 
0.2 0.21002848307291666 
1.0 0.2312451412803248 
1.0 0.32161650657653806 
0.2 0.21002848307291666 
1.0 0.2312451412803248 
1.0 0.32161650657653806 
0.2 0.21002848307291666 
1.0 0.2312451412803248 
1.0 0.32161650657653806 
0.2 0.21002848307291666 
1.0 0.2312451412803248 
1.0 0.32161650657653806 
0.2 0.21002848307291666 
1.0 0.2312451412803248 
1.0 0.32161650657653806 
0.2 0.21002848307291666 
1.0 0.2312451412803248 
1.0 0.32161650657653806 
0.2 0.21002848307291666 
1.0 0.2312451412803248 
1.0 0.32161650657653806 
0.2 0.21002848307291666 
1.0 0.2312451412803248 
1.0 0.32161650657653806 
0.2 0.21002848307291666 
1.0 0.2312451412803248 
1.0 0.32161650657653806 
0.2 0.2192356872558594 
1.0 0.23706556621350738 
1.0 0.3266003131866455 
0.2 0.22216130574544268 
1.0 0.2429333737021998 
1.0 0.3437938690185547 
0.2 0.22216130574544268 
1.0 0.2429333737021998 
1.0 0.3437938690185547 
0.2 0.22216130574544268 
1.0 0.2429333737021998 
1.0 0.3437938690185547 
0.2 0.22216130574544268 
1.0 0.2429333737021998 
1.0 0.3437938690185547 
0.2 0.22216130574544268 
1.0 0.2429333737021998 
1.0 0.3437938690185547 
0.2 0.22216130574544268 
1.0 0.2429333737021998 
1.0 0.3437938690185547 
0.2 0.22216130574544268 
1.0 0.2429333737021998 
1.0 0.3437938690185547 
0.2 0.22216130574544268 
1.0 0.2429333737021998 
1.0 0.3437938690185547 
0.2 0.22216130574544268 
1.0 0.2429333737021998 
1.0 0.3437938690185547 
0.2 0.22216130574544268 
1.0 0.2429333737021998 
1.0 0.3437938690185547 
0.2 0.22216130574544268 
1.0 0.2429333737021998 
1.0 0.3437938690185547 
0.2 0.22216130574544268 
1.0 0.2429333737021998 
1.0 0.3437938690185547 
0.2 0.22216130574544268 
1.0 0.2429333737021998 
1.0 0.3437938690185547 
0.2 0.22216130574544268 
1.0 0.2429333737021998 
1.0 0.3437938690185547 
0.2 0.22216130574544268 
1.0 0.2429333737021998 
1.0 0.3437938690185547 
0.2 0.22216130574544268 
1.0 0.2429333737021998 
1.0 0.3437938690185547 
0.2 0.22216130574544268 
1.0 0.2429333737021998 
1.0 0.3437938690185547 
0.2 0.22216130574544268 
1.0 0.2429333737021998 
1.0 0.3437938690185547 
0.2 0.22216130574544268 
1.0 0.2429333737021998 
1.0 0.3437938690185547 
0.2 0.22216130574544268 
1.0 0.2429333737021998 
1.0 0.3437938690185547 
0.2 0.22216130574544268 
1.0 0.2429333737021998 
1.0 0.3437938690185547 
0.2 0.22216130574544268 
1.0 0.2429333737021998 
1.0 0.3437938690185547 
0.2 0.22216130574544268 
1.0 0.2429333737021998 
1.0 0.3437938690185547 
0.2 0.22216130574544268 
1.0 0.2429333737021998 
1.0 0.3437938690185547 
0.2 0.22216130574544268 
1.0 0.2429333737021998 
1.0 0.3437938690185547 
0.2 0.22216130574544268 
1.0 0.2429333737021998 
1.0 0.3437938690185547 
0.2 0.22216130574544268 
1.0 0.2429333737021998 
1.0 0.3437938690185547 
0.2 0.22216130574544268 
1.0 0.2429333737021998 
1.0 0.3437938690185547 
0.2 0.22216130574544268 
1.0 0.2429333737021998 
1.0 0.3437938690185547 
0.2 0.22216130574544268 
1.0 0.2429333737021998 
1.0 0.3437938690185547 
0.2 0.22216130574544268 
1.0 0.2429333737021998 
1.0 0.3437938690185547 
0.2 0.2167695109049479 
1.0 0.234190539309853 
1.0 0.31355218887329106 
0.2 0.2167695109049479 
1.0 0.234190539309853 
1.0 0.31355218887329106 
0.2 0.2167695109049479 
1.0 0.234190539309853 
1.0 0.31355218887329106 
0.2 0.2167695109049479 
1.0 0.234190539309853 
1.0 0.31355218887329106 
0.2 0.2167695109049479 
1.0 0.234190539309853 
1.0 0.31355218887329106 
0.2 0.2167695109049479 
1.0 0.234190539309853 
1.0 0.31355218887329106 
0.2 0.2167695109049479 
1.0 0.234190539309853 
1.0 0.31355218887329106 
0.2 0.2167695109049479 
1.0 0.234190539309853 
1.0 0.31355218887329106 
0.2 0.2167695109049479 
1.0 0.234190539309853 
1.0 0.31355218887329106 
0.2 0.2167695109049479 
1.0 0.234190539309853 
1.0 0.31355218887329106 
0.2 0.2167695109049479 
1.0 0.234190539309853 
1.0 0.31355218887329106 
0.2 0.2167695109049479 
1.0 0.234190539309853 
1.0 0.31355218887329106 
0.2 0.2167695109049479 
1.0 0.234190539309853 
1.0 0.31355218887329106 
0.2 0.2167695109049479 
1.0 0.234190539309853 
1.0 0.31355218887329106 
0.2 0.24601211547851565 
1.0 0.24183087599904918 
1.0 0.3256154537200928 
0.2 0.24601211547851565 
1.0 0.24183087599904918 
1.0 0.3256154537200928 
0.2 0.242023671468099 
1.0 0.2402911939119038 
1.0 0.3231871604919434 
0.2 0.242023671468099 
1.0 0.2402911939119038 
1.0 0.3231871604919434 
0.2 0.22148351033528646 
1.0 0.2285415247866982 
1.0 0.30210099220275877 
0.2 0.22148351033528646 
1.0 0.2285415247866982 
1.0 0.30210099220275877 
0.2 0.22384633382161456 
1.0 0.22755903946725942 
1.0 0.2866322517395019 
0.2 0.22384633382161456 
1.0 0.22755903946725942 
1.0 0.2866322517395019 
0.2 0.22622268676757817 
1.0 0.2264497154637387 
1.0 0.28230962753295896 
0.2 0.22622268676757817 
1.0 0.2264497154637387 
1.0 0.28230962753295896 
0.2 0.20911112467447912 
1.0 0.21656688890959086 
1.0 0.2727473735809326 
0.2 0.20911112467447912 
1.0 0.21656688890959086 
1.0 0.2727473735809326 
0.2 0.22373433430989587 
1.0 0.22986291584215668 
1.0 0.2866296291351318 
0.2 0.22373433430989587 
1.0 0.22986291584215668 
1.0 0.2866296291351318 
0.2 0.1768228658040365 
1.0 0.1870057457371762 
1.0 0.24190487861633303 
0.2 0.1768228658040365 
1.0 0.1870057457371762 
1.0 0.24190487861633303 
0.2 0.1768228658040365 
1.0 0.1870057457371762 
1.0 0.24190487861633303 
0.2 0.1768228658040365 
1.0 0.1870057457371762 
1.0 0.24190487861633303 
0.2 0.18147684733072922 
1.0 0.18630996503328023 
1.0 0.23187632560729976 
0.2 0.18147684733072922 
1.0 0.18630996503328023 
1.0 0.23187632560729976 
0.2 0.18948226928710943 
1.0 0.190255365873638 
1.0 0.23725924491882322 
0.2 0.18948226928710943 
1.0 0.190255365873638 
1.0 0.23725924491882322 
0.2 0.18948226928710943 
1.0 0.190255365873638 
1.0 0.23725924491882322 
0.2 0.18948226928710943 
1.0 0.190255365873638 
1.0 0.23725924491882322 
0.2 0.18948226928710943 
1.0 0.190255365873638 
1.0 0.23725924491882322 
0.2 0.18948226928710943 
1.0 0.190255365873638 
1.0 0.23725924491882322 
0.2 0.18948226928710943 
1.0 0.190255365873638 
1.0 0.23725924491882322 
0.2 0.18948226928710943 
1.0 0.190255365873638 
1.0 0.23725924491882322 
0.2 0.18164042154947913 
1.0 0.18755330537494863 
1.0 0.23345665931701665 
0.2 0.18164042154947913 
1.0 0.18755330537494863 
1.0 0.23345665931701665 
0.2 0.18164042154947913 
1.0 0.18755330537494863 
1.0 0.23345665931701665 
0.2 0.18164042154947913 
1.0 0.18755330537494863 
1.0 0.23345665931701665 
0.2 0.18164042154947913 
1.0 0.18755330537494863 
1.0 0.23345665931701665 
0.2 0.18164042154947913 
1.0 0.18755330537494863 
1.0 0.23345665931701665 
0.2 0.18164042154947913 
1.0 0.18755330537494863 
1.0 0.23345665931701665 
0.2 0.18164042154947913 
1.0 0.18755330537494863 
1.0 0.23345665931701665 
0.2 0.18164042154947913 
1.0 0.18755330537494863 
1.0 0.23345665931701665 
0.2 0.18164042154947913 
1.0 0.18755330537494863 
1.0 0.23345665931701665 
0.2 0.18164042154947913 
1.0 0.18755330537494863 
1.0 0.23345665931701665 
0.2 0.18164042154947913 
1.0 0.18755330537494863 
1.0 0.23345665931701665 
0.2 0.18164042154947913 
1.0 0.18755330537494863 
1.0 0.23345665931701665 
0.2 0.18164042154947913 
1.0 0.18755330537494863 
1.0 0.23345665931701665 
0.2 0.18164042154947913 
1.0 0.18755330537494863 
1.0 0.23345665931701665 
0.2 0.18164042154947913 
1.0 0.18755330537494863 
1.0 0.23345665931701665 
0.2 0.18164042154947913 
1.0 0.18755330537494863 
1.0 0.23345665931701665 
0.2 0.18164042154947913 
1.0 0.18755330537494863 
1.0 0.23345665931701665 
0.2 0.18164042154947913 
1.0 0.18755330537494863 
1.0 0.23345665931701665 
0.2 0.18164042154947913 
1.0 0.18755330537494863 
1.0 0.23345665931701665 
0.2 0.18164042154947913 
1.0 0.18755330537494863 
1.0 0.23345665931701665 
0.2 0.18164042154947913 
1.0 0.18755330537494863 
1.0 0.23345665931701665 
0.2 0.18164042154947913 
1.0 0.18755330537494863 
1.0 0.23345665931701665 
0.2 0.18164042154947913 
1.0 0.18755330537494863 
1.0 0.23345665931701665 
0.2 0.18164042154947913 
1.0 0.18755330537494863 
1.0 0.23345665931701665 
0.2 0.18164042154947913 
1.0 0.18755330537494863 
1.0 0.23345665931701665 
0.2 0.18164042154947913 
1.0 0.18755330537494863 
1.0 0.23345665931701665 
0.2 0.18164042154947913 
1.0 0.18755330537494863 
1.0 0.23345665931701665 
0.2 0.18164042154947913 
1.0 0.18755330537494863 
1.0 0.23345665931701665 
0.2 0.18116628011067704 
1.0 0.19740225139417145 
1.0 0.23541865348815916 
0.2 0.18116628011067704 
1.0 0.19740225139417145 
1.0 0.23541865348815916 
0.2 0.18116628011067704 
1.0 0.19740225139417145 
1.0 0.23541865348815916 
0.2 0.18116628011067704 
1.0 0.19740225139417145 
1.0 0.23541865348815916 
0.2 0.18116628011067704 
1.0 0.19740225139417145 
1.0 0.23541865348815916 
0.2 0.18116628011067704 
1.0 0.19740225139417145 
1.0 0.23541865348815916 
0.2 0.18116628011067704 
1.0 0.19740225139417145 
1.0 0.23541865348815916 
0.2 0.18116628011067704 
1.0 0.19740225139417145 
1.0 0.23541865348815916 
0.2 0.18116628011067704 
1.0 0.19740225139417145 
1.0 0.23541865348815916 
0.2 0.18116628011067704 
1.0 0.19740225139417145 
1.0 0.23541865348815916 
0.2 0.18116628011067704 
1.0 0.19740225139417145 
1.0 0.23541865348815916 
0.2 0.18116628011067704 
1.0 0.19740225139417145 
1.0 0.23541865348815916 
0.2 0.18116628011067704 
1.0 0.19740225139417145 
1.0 0.23541865348815916 
0.2 0.18116628011067704 
1.0 0.19740225139417145 
1.0 0.23541865348815916 
0.2 0.18116628011067704 
1.0 0.19740225139417145 
1.0 0.23541865348815916 
0.2 0.18116628011067704 
1.0 0.19740225139417145 
1.0 0.23541865348815916 
0.2 0.18116628011067704 
1.0 0.19740225139417145 
1.0 0.23541865348815916 
0.2 0.18116628011067704 
1.0 0.19740225139417145 
1.0 0.23541865348815916 
0.2 0.18116628011067704 
1.0 0.19740225139417145 
1.0 0.23541865348815916 
0.2 0.18116628011067704 
1.0 0.19740225139417145 
1.0 0.23541865348815916 
0.2 0.18116628011067704 
1.0 0.19740225139417145 
1.0 0.23541865348815916 
0.2 0.18116628011067704 
1.0 0.19740225139417145 
1.0 0.23541865348815916 
0.2 0.18116628011067704 
1.0 0.19740225139417145 
1.0 0.23541865348815916 
0.2 0.18116628011067704 
1.0 0.19740225139417145 
1.0 0.23541865348815916 
0.2 0.18116628011067704 
1.0 0.19740225139417145 
1.0 0.23541865348815916 
0.2 0.18116628011067704 
1.0 0.19740225139417145 
1.0 0.23541865348815916 
0.2 0.18116628011067704 
1.0 0.19740225139417145 
1.0 0.23541865348815916 
0.2 0.18116628011067704 
1.0 0.19740225139417145 
1.0 0.23541865348815916 
0.2 0.18116628011067704 
1.0 0.19740225139417145 
1.0 0.23541865348815916 
0.2 0.18116628011067704 
1.0 0.19740225139417145 
1.0 0.23541865348815916 
0.2 0.18116628011067704 
1.0 0.19740225139417145 
1.0 0.23541865348815916 
0.2 0.18116628011067704 
1.0 0.19740225139417145 
1.0 0.23541865348815916 
0.2 0.18116628011067704 
1.0 0.19740225139417145 
1.0 0.23541865348815916 
0.2 0.18116628011067704 
1.0 0.19740225139417145 
1.0 0.23541865348815916 
0.2 0.18116628011067704 
1.0 0.19740225139417145 
1.0 0.23541865348815916 
0.2 0.18116628011067704 
1.0 0.19740225139417145 
1.0 0.23541865348815916 
0.2 0.18116628011067704 
1.0 0.19740225139417145 
1.0 0.23541865348815916 
0.2 0.18116628011067704 
1.0 0.19740225139417145 
1.0 0.23541865348815916 
0.2 0.18116628011067704 
1.0 0.19740225139417145 
1.0 0.23541865348815916 
0.2 0.18116628011067704 
1.0 0.19740225139417145 
1.0 0.23541865348815916 
0.2 0.18116628011067704 
1.0 0.19740225139417145 
1.0 0.23541865348815916 
0.2 0.18116628011067704 
1.0 0.19740225139417145 
1.0 0.23541865348815916 
0.2 0.18116628011067704 
1.0 0.19740225139417145 
1.0 0.23541865348815916 
0.2 0.18116628011067704 
1.0 0.19740225139417145 
1.0 0.23541865348815916 
0.2 0.18116628011067704 
1.0 0.19740225139417145 
1.0 0.23541865348815916 
0.2 0.18116628011067704 
1.0 0.19740225139417145 
1.0 0.23541865348815916 
0.2 0.18116628011067704 
1.0 0.19740225139417145 
1.0 0.23541865348815916 
0.2 0.18116628011067704 
1.0 0.19740225139417145 
1.0 0.23541865348815916 
0.2 0.18116628011067704 
1.0 0.19740225139417145 
1.0 0.23541865348815916 
0.2 0.18116628011067704 
1.0 0.19740225139417145 
1.0 0.23541865348815916 
0.2 0.18116628011067704 
1.0 0.19740225139417145 
1.0 0.23541865348815916 
0.2 0.18116628011067704 
1.0 0.19740225139417145 
1.0 0.23541865348815916 
0.2 0.18116628011067704 
1.0 0.19740225139417145 
1.0 0.23541865348815916 
0.2 0.18116628011067704 
1.0 0.19740225139417145 
1.0 0.23541865348815916 
0.2 0.18116628011067704 
1.0 0.19740225139417145 
1.0 0.23541865348815916 
0.2 0.18116628011067704 
1.0 0.19740225139417145 
1.0 0.23541865348815916 
0.2 0.18116628011067704 
1.0 0.19740225139417145 
1.0 0.23541865348815916 
0.2 0.18116628011067704 
1.0 0.19740225139417145 
1.0 0.23541865348815916 
0.2 0.18116628011067704 
1.0 0.19740225139417145 
1.0 0.23541865348815916 
0.2 0.18116628011067704 
1.0 0.19740225139417145 
1.0 0.23541865348815916 
0.2 0.18116628011067704 
1.0 0.19740225139417145 
1.0 0.23541865348815916 
0.2 0.18116628011067704 
1.0 0.19740225139417145 
1.0 0.23541865348815916 
0.2 0.18116628011067704 
1.0 0.19740225139417145 
1.0 0.23541865348815916 
0.2 0.18116628011067704 
1.0 0.19740225139417145 
1.0 0.23541865348815916 
0.2 0.18116628011067704 
1.0 0.19740225139417145 
1.0 0.23541865348815916 
0.2 0.18116628011067704 
1.0 0.19740225139417145 
1.0 0.23541865348815916 
0.2 0.18116628011067704 
1.0 0.19740225139417145 
1.0 0.23541865348815916 
0.2 0.18116628011067704 
1.0 0.19740225139417145 
1.0 0.23541865348815916 
0.2 0.18116628011067704 
1.0 0.19740225139417145 
1.0 0.23541865348815916 
0.2 0.18116628011067704 
1.0 0.19740225139417145 
1.0 0.23541865348815916 
0.2 0.18116628011067704 
1.0 0.19740225139417145 
1.0 0.23541865348815916 
0.2 0.18116628011067704 
1.0 0.19740225139417145 
1.0 0.23541865348815916 
0.2 0.18116628011067704 
1.0 0.19740225139417145 
1.0 0.23541865348815916 
0.2 0.18116628011067704 
1.0 0.19740225139417145 
1.0 0.23541865348815916 
0.2 0.18116628011067704 
1.0 0.19740225139417145 
1.0 0.23541865348815916 
0.2 0.18116628011067704 
1.0 0.19740225139417145 
1.0 0.23541865348815916 
0.2 0.18116628011067704 
1.0 0.19740225139417145 
1.0 0.23541865348815916 
0.2 0.18116628011067704 
1.0 0.19740225139417145 
1.0 0.23541865348815916 
0.2 0.18116628011067704 
1.0 0.19740225139417145 
1.0 0.23541865348815916 
0.2 0.18116628011067704 
1.0 0.19740225139417145 
1.0 0.23541865348815916 
0.2 0.18116628011067704 
1.0 0.19740225139417145 
1.0 0.23541865348815916 
0.2 0.18116628011067704 
1.0 0.19740225139417145 
1.0 0.23541865348815916 
0.2 0.18116628011067704 
1.0 0.19740225139417145 
1.0 0.23541865348815916 
0.2 0.18116628011067704 
1.0 0.19740225139417145 
1.0 0.23541865348815916 
0.2 0.18116628011067704 
1.0 0.19740225139417145 
1.0 0.23541865348815916 
0.2 0.18116628011067704 
1.0 0.19740225139417145 
1.0 0.23541865348815916 
0.2 0.18116628011067704 
1.0 0.19740225139417145 
1.0 0.23541865348815916 
0.2 0.18116628011067704 
1.0 0.19740225139417145 
1.0 0.23541865348815916 
0.2 0.18116628011067704 
1.0 0.19740225139417145 
1.0 0.23541865348815916 
0.2 0.18116628011067704 
1.0 0.19740225139417145 
1.0 0.23541865348815916 
0.2 0.18116628011067704 
1.0 0.19740225139417145 
1.0 0.23541865348815916 
0.2 0.18116628011067704 
1.0 0.19740225139417145 
1.0 0.23541865348815916 
0.2 0.18116628011067704 
1.0 0.19740225139417145 
1.0 0.23541865348815916 
0.2 0.18116628011067704 
1.0 0.19740225139417145 
1.0 0.23541865348815916 
0.2 0.18116628011067704 
1.0 0.19740225139417145 
1.0 0.23541865348815916 
0.2 0.18116628011067704 
1.0 0.19740225139417145 
1.0 0.23541865348815916 
0.2 0.18116628011067704 
1.0 0.19740225139417145 
1.0 0.23541865348815916 
0.2 0.18116628011067704 
1.0 0.19740225139417145 
1.0 0.23541865348815916 
0.2 0.18116628011067704 
1.0 0.19740225139417145 
1.0 0.23541865348815916 
0.2 0.18116628011067704 
1.0 0.19740225139417145 
1.0 0.23541865348815916 
