0.2 0.3077561855316162 
0.2 0.33416664600372314 
0.2 0.31037986278533936 
0.2 0.31037986278533936 
0.2 0.3257472515106201 
0.2 0.3257472515106201 
0.2 0.3257472515106201 
0.2 0.3257472515106201 
0.2 0.3257472515106201 
0.2 0.3257472515106201 
0.2 0.31207388639450073 
0.2 0.31207388639450073 
0.2 0.3138324022293091 
0.2 0.3138324022293091 
0.2 0.31188422441482544 
0.2 0.31188422441482544 
0.2 0.31188422441482544 
0.2 0.31188422441482544 
0.2 0.30212926864624023 
0.2 0.30212926864624023 
0.2 0.3048707842826843 
0.2 0.3048707842826843 
0.2 0.3170347213745117 
0.2 0.3170347213745117 
0.2 0.30760955810546875 
0.2 0.30760955810546875 
0.2 0.28382164239883423 
0.2 0.28382164239883423 
0.2 0.27858442068099976 
0.2 0.27858442068099976 
0.2 0.27858442068099976 
0.2 0.27858442068099976 
0.2 0.27858442068099976 
0.2 0.27858442068099976 
0.2 0.27858442068099976 
0.2 0.27858442068099976 
0.2 0.27858442068099976 
0.2 0.27858442068099976 
0.2 0.27858442068099976 
0.2 0.27858442068099976 
0.2 0.27858442068099976 
0.2 0.27858442068099976 
0.2 0.27858442068099976 
0.2 0.27858442068099976 
0.2 0.27858442068099976 
0.2 0.27858442068099976 
0.2 0.27858442068099976 
0.2 0.27858442068099976 
0.2 0.27858442068099976 
0.2 0.27858442068099976 
0.2 0.27858442068099976 
0.2 0.27858442068099976 
0.2 0.27858442068099976 
0.2 0.27858442068099976 
0.2 0.27858442068099976 
0.2 0.27858442068099976 
0.2 0.27858442068099976 
0.2 0.27858442068099976 
0.2 0.27858442068099976 
0.2 0.27858442068099976 
0.2 0.27858442068099976 
0.2 0.27858442068099976 
0.2 0.27858442068099976 
0.2 0.27858442068099976 
0.2 0.27858442068099976 
0.2 0.27858442068099976 
0.2 0.27858442068099976 
0.2 0.27858442068099976 
0.2 0.27858442068099976 
0.2 0.27858442068099976 
0.2 0.27858442068099976 
0.2 0.27858442068099976 
0.2 0.27858442068099976 
0.2 0.27858442068099976 
0.2 0.27858442068099976 
0.2 0.27858442068099976 
0.2 0.27858442068099976 
0.2 0.3494798541069031 
0.2 0.3160788416862488 
0.2 0.2865188717842102 
0.2 0.2804573178291321 
0.2 0.2804573178291321 
0.2 0.2456831932067871 
0.2 0.2456831932067871 
0.2 0.2456831932067871 
0.2 0.2456831932067871 
0.2 0.24817043542861938 
0.2 0.24817043542861938 
0.2 0.26552730798721313 
0.2 0.26552730798721313 
0.2 0.26552730798721313 
0.2 0.26552730798721313 
0.2 0.26552730798721313 
0.2 0.26552730798721313 
0.2 0.26552730798721313 
0.2 0.26552730798721313 
0.2 0.26552730798721313 
0.2 0.26552730798721313 
0.2 0.26552730798721313 
0.2 0.26552730798721313 
0.2 0.26552730798721313 
0.2 0.26552730798721313 
0.2 0.26552730798721313 
0.2 0.26552730798721313 
0.2 0.26552730798721313 
0.2 0.26552730798721313 
0.2 0.26552730798721313 
0.2 0.26552730798721313 
0.2 0.26552730798721313 
0.2 0.26552730798721313 
0.2 0.26552730798721313 
0.2 0.26552730798721313 
0.2 0.26552730798721313 
0.2 0.26552730798721313 
0.2 0.26552730798721313 
0.2 0.26552730798721313 
0.2 0.26552730798721313 
0.2 0.26552730798721313 
0.2 0.26552730798721313 
0.2 0.26552730798721313 
0.2 0.26552730798721313 
0.2 0.26552730798721313 
0.2 0.26552730798721313 
0.2 0.26552730798721313 
0.2 0.26552730798721313 
0.2 0.26552730798721313 
0.2 0.2666364908218384 
0.2 0.2666364908218384 
0.2 0.2666364908218384 
0.2 0.2666364908218384 
0.2 0.2666364908218384 
0.2 0.2666364908218384 
0.2 0.26427268981933594 
0.2 0.26427268981933594 
0.2 0.26427268981933594 
0.2 0.26427268981933594 
0.2 0.26427268981933594 
0.2 0.26427268981933594 
0.2 0.26427268981933594 
0.2 0.26427268981933594 
0.2 0.26427268981933594 
0.2 0.26427268981933594 
0.2 0.26427268981933594 
0.2 0.26427268981933594 
0.2 0.26427268981933594 
0.2 0.26427268981933594 
0.2 0.26427268981933594 
0.2 0.26427268981933594 
0.2 0.26427268981933594 
0.2 0.26427268981933594 
0.2 0.26427268981933594 
0.2 0.26427268981933594 
0.2 0.26427268981933594 
0.2 0.26427268981933594 
0.2 0.26427268981933594 
0.2 0.26427268981933594 
0.2 0.26427268981933594 
0.2 0.26427268981933594 
0.2 0.26427268981933594 
0.2 0.26427268981933594 
0.2 0.26427268981933594 
0.2 0.26427268981933594 
0.2 0.26427268981933594 
0.2 0.26427268981933594 
0.2 0.26427268981933594 
0.2 0.26427268981933594 
0.2 0.26427268981933594 
0.2 0.26427268981933594 
0.2 0.26427268981933594 
0.2 0.26427268981933594 
0.2 0.26427268981933594 
0.2 0.26427268981933594 
0.2 0.26427268981933594 
0.2 0.26427268981933594 
0.2 0.26427268981933594 
0.2 0.26427268981933594 
0.2 0.26427268981933594 
0.2 0.26427268981933594 
0.2 0.26427268981933594 
0.2 0.26427268981933594 
0.2 0.26427268981933594 
0.2 0.26427268981933594 
0.2 0.26427268981933594 
0.2 0.26427268981933594 
0.2 0.26427268981933594 
0.2 0.26427268981933594 
0.2 0.26427268981933594 
0.2 0.26427268981933594 
0.2 0.26427268981933594 
0.2 0.26427268981933594 
0.2 0.26427268981933594 
0.2 0.26427268981933594 
0.2 0.26427268981933594 
0.2 0.26427268981933594 
0.2 0.26427268981933594 
0.2 0.26427268981933594 
0.2 0.26427268981933594 
0.2 0.26427268981933594 
0.2 0.26427268981933594 
0.2 0.26427268981933594 
0.2 0.26427268981933594 
0.2 0.26427268981933594 
0.2 0.26427268981933594 
0.2 0.26427268981933594 
0.2 0.26427268981933594 
0.2 0.26427268981933594 
0.2 0.26427268981933594 
0.2 0.26427268981933594 
0.2 0.26427268981933594 
0.2 0.26427268981933594 
0.2 0.26427268981933594 
0.2 0.26427268981933594 
0.2 0.26427268981933594 
0.2 0.26427268981933594 
0.2 0.26427268981933594 
0.2 0.26427268981933594 
0.2 0.26427268981933594 
0.2 0.26427268981933594 
0.2 0.26427268981933594 
0.2 0.26427268981933594 
0.2 0.26427268981933594 
0.2 0.26427268981933594 
0.2 0.26427268981933594 
0.2 0.26427268981933594 
0.2 0.26427268981933594 
0.2 0.26427268981933594 
0.2 0.26427268981933594 
0.2 0.26427268981933594 
0.2 0.26427268981933594 
0.2 0.26427268981933594 
0.2 0.26427268981933594 
0.2 0.26427268981933594 
0.2 0.26427268981933594 
0.2 0.26427268981933594 
0.2 0.26427268981933594 
0.2 0.26427268981933594 
0.2 0.26427268981933594 
0.2 0.26427268981933594 
0.2 0.26427268981933594 
0.2 0.26427268981933594 
0.2 0.26427268981933594 
0.2 0.26427268981933594 
0.2 0.26427268981933594 
0.2 0.26427268981933594 
0.2 0.26427268981933594 
0.2 0.26427268981933594 
0.2 0.26427268981933594 
0.2 0.26427268981933594 
0.2 0.26427268981933594 
0.2 0.26427268981933594 
0.2 0.26427268981933594 
0.2 0.26427268981933594 
0.2 0.26427268981933594 
0.2 0.26427268981933594 
0.2 0.26427268981933594 
0.2 0.26427268981933594 
0.2 0.26427268981933594 
0.2 0.26427268981933594 
0.2 0.26427268981933594 
0.2 0.26427268981933594 
0.2 0.26427268981933594 
0.2 0.26427268981933594 
0.2 0.26427268981933594 
0.2 0.26427268981933594 
0.2 0.26427268981933594 
0.2 0.26427268981933594 
0.2 0.26427268981933594 
0.2 0.26427268981933594 
0.2 0.26427268981933594 
0.2 0.26427268981933594 
0.2 0.26427268981933594 
0.2 0.26427268981933594 
0.2 0.26427268981933594 
0.2 0.26427268981933594 
0.2 0.26427268981933594 
0.2 0.26427268981933594 
0.2 0.26427268981933594 
0.2 0.26427268981933594 
0.2 0.26427268981933594 
0.2 0.26427268981933594 
0.2 0.26427268981933594 
0.2 0.26427268981933594 
0.2 0.26427268981933594 
0.2 0.26427268981933594 
0.2 0.26427268981933594 
0.2 0.26427268981933594 
0.2 0.26427268981933594 
0.2 0.26427268981933594 
0.2 0.26427268981933594 
0.2 0.26427268981933594 
0.2 0.26427268981933594 
0.2 0.26427268981933594 
0.2 0.26427268981933594 
0.2 0.26427268981933594 
0.2 0.26427268981933594 
0.2 0.26427268981933594 
0.2 0.26427268981933594 
0.2 0.26427268981933594 
0.2 0.26427268981933594 
0.2 0.26427268981933594 
0.2 0.26427268981933594 
0.2 0.26427268981933594 
0.2 0.26427268981933594 
0.2 0.26427268981933594 
0.2 0.26427268981933594 
0.2 0.26427268981933594 
0.2 0.26427268981933594 
0.2 0.26427268981933594 
0.2 0.26427268981933594 
0.2 0.26427268981933594 
0.2 0.26427268981933594 
0.2 0.26427268981933594 
0.2 0.26427268981933594 
0.2 0.26427268981933594 
0.2 0.26427268981933594 
0.2 0.26427268981933594 
0.2 0.26427268981933594 
0.2 0.26427268981933594 
0.2 0.26427268981933594 
0.2 0.26427268981933594 
0.2 0.26427268981933594 
0.2 0.26427268981933594 
0.2 0.26427268981933594 
0.2 0.26427268981933594 
0.2 0.26427268981933594 
0.2 0.26427268981933594 
0.2 0.26427268981933594 
0.2 0.26427268981933594 
0.2 0.26427268981933594 
0.2 0.26427268981933594 
0.2 0.26427268981933594 
0.2 0.26427268981933594 
0.2 0.26427268981933594 
0.2 0.26427268981933594 
0.2 0.26427268981933594 
0.2 0.26427268981933594 
0.2 0.26427268981933594 
0.2 0.26427268981933594 
0.2 0.26427268981933594 
0.2 0.26427268981933594 
0.2 0.26427268981933594 
0.2 0.26427268981933594 
0.2 0.26427268981933594 
0.2 0.26427268981933594 
0.2 0.26427268981933594 
0.2 0.26427268981933594 
0.2 0.26427268981933594 
0.2 0.26427268981933594 
0.2 0.26427268981933594 
0.2 0.26427268981933594 
0.2 0.26427268981933594 
0.2 0.26427268981933594 
0.2 0.26427268981933594 
0.2 0.26427268981933594 
0.2 0.26427268981933594 
0.2 0.26427268981933594 
0.2 0.26427268981933594 
0.2 0.24708032608032227 
0.2 0.24708032608032227 
0.2 0.24708032608032227 
0.2 0.24708032608032227 
0.2 0.24708032608032227 
0.2 0.24708032608032227 
0.2 0.24708032608032227 
0.2 0.24708032608032227 
0.2 0.24708032608032227 
0.2 0.24708032608032227 
0.2 0.24708032608032227 
0.2 0.24708032608032227 
0.2 0.24708032608032227 
0.2 0.24708032608032227 
0.2 0.24708032608032227 
0.2 0.24708032608032227 
0.2 0.24708032608032227 
0.2 0.24708032608032227 
0.2 0.24708032608032227 
0.2 0.24708032608032227 
0.2 0.24708032608032227 
0.2 0.24708032608032227 
0.2 0.24708032608032227 
0.2 0.24708032608032227 
0.2 0.24708032608032227 
0.2 0.24708032608032227 
0.2 0.24708032608032227 
0.2 0.24708032608032227 
0.2 0.24708032608032227 
0.2 0.24708032608032227 
0.2 0.24708032608032227 
0.2 0.24708032608032227 
0.2 0.24708032608032227 
0.2 0.24708032608032227 
0.2 0.24708032608032227 
0.2 0.24708032608032227 
0.2 0.24708032608032227 
0.2 0.24708032608032227 
0.2 0.24708032608032227 
0.2 0.24708032608032227 
0.2 0.24708032608032227 
0.2 0.24708032608032227 
0.2 0.24708032608032227 
0.2 0.24708032608032227 
0.2 0.24708032608032227 
0.2 0.24708032608032227 
0.2 0.24708032608032227 
0.2 0.24708032608032227 
0.2 0.24708032608032227 
0.2 0.24708032608032227 
0.2 0.24708032608032227 
0.2 0.24708032608032227 
0.2 0.24708032608032227 
0.2 0.24708032608032227 
0.2 0.24708032608032227 
0.2 0.24708032608032227 
0.2 0.24708032608032227 
0.2 0.24708032608032227 
0.2 0.24708032608032227 
0.2 0.24708032608032227 
0.2 0.24708032608032227 
0.2 0.24708032608032227 
0.2 0.24708032608032227 
0.2 0.24708032608032227 
0.2 0.24708032608032227 
0.2 0.24708032608032227 
0.2 0.24708032608032227 
0.2 0.2574571967124939 
0.2 0.26049965620040894 
0.2 0.26049965620040894 
0.2 0.26049965620040894 
0.2 0.26049965620040894 
0.2 0.26049965620040894 
0.2 0.26049965620040894 
0.2 0.26049965620040894 
0.2 0.26049965620040894 
0.2 0.26049965620040894 
0.2 0.26049965620040894 
0.2 0.26049965620040894 
0.2 0.26049965620040894 
0.2 0.26049965620040894 
0.2 0.26049965620040894 
0.2 0.26049965620040894 
0.2 0.26049965620040894 
0.2 0.26049965620040894 
0.2 0.26049965620040894 
0.2 0.26049965620040894 
0.2 0.26049965620040894 
0.2 0.26049965620040894 
0.2 0.26049965620040894 
0.2 0.26049965620040894 
0.2 0.26049965620040894 
0.2 0.26049965620040894 
0.2 0.26049965620040894 
0.2 0.26049965620040894 
0.2 0.26049965620040894 
0.2 0.26049965620040894 
0.2 0.26049965620040894 
0.2 0.26049965620040894 
0.2 0.2540587782859802 
0.2 0.2540587782859802 
0.2 0.2540587782859802 
0.2 0.2540587782859802 
0.2 0.2540587782859802 
0.2 0.2540587782859802 
0.2 0.2540587782859802 
0.2 0.2540587782859802 
0.2 0.2540587782859802 
0.2 0.2540587782859802 
0.2 0.2540587782859802 
0.2 0.2540587782859802 
0.2 0.2540587782859802 
0.2 0.2540587782859802 
0.2 0.29445886611938477 
0.2 0.29445886611938477 
0.2 0.2905803918838501 
0.2 0.2905803918838501 
0.2 0.2680782079696655 
0.2 0.2680782079696655 
0.2 0.27632707357406616 
0.2 0.27632707357406616 
0.2 0.2765620946884155 
0.2 0.2765620946884155 
0.2 0.2535448670387268 
0.2 0.2535448670387268 
0.2 0.2745758295059204 
0.2 0.2745758295059204 
0.2 0.2133176326751709 
0.2 0.2133176326751709 
0.2 0.2133176326751709 
0.2 0.2133176326751709 
0.2 0.2192901372909546 
0.2 0.2192901372909546 
0.2 0.23114407062530518 
0.2 0.23114407062530518 
0.2 0.23114407062530518 
0.2 0.23114407062530518 
0.2 0.23114407062530518 
0.2 0.23114407062530518 
0.2 0.23114407062530518 
0.2 0.23114407062530518 
0.2 0.22231781482696533 
0.2 0.22231781482696533 
0.2 0.22231781482696533 
0.2 0.22231781482696533 
0.2 0.22231781482696533 
0.2 0.22231781482696533 
0.2 0.22231781482696533 
0.2 0.22231781482696533 
0.2 0.22231781482696533 
0.2 0.22231781482696533 
0.2 0.22231781482696533 
0.2 0.22231781482696533 
0.2 0.22231781482696533 
0.2 0.22231781482696533 
0.2 0.22231781482696533 
0.2 0.22231781482696533 
0.2 0.22231781482696533 
0.2 0.22231781482696533 
0.2 0.22231781482696533 
0.2 0.22231781482696533 
0.2 0.22231781482696533 
0.2 0.22231781482696533 
0.2 0.22231781482696533 
0.2 0.22231781482696533 
0.2 0.22231781482696533 
0.2 0.22231781482696533 
0.2 0.22231781482696533 
0.2 0.22231781482696533 
0.2 0.22231781482696533 
0.2 0.22391247749328613 
0.2 0.22391247749328613 
0.2 0.22391247749328613 
0.2 0.22391247749328613 
0.2 0.22391247749328613 
0.2 0.22391247749328613 
0.2 0.22391247749328613 
0.2 0.22391247749328613 
0.2 0.22391247749328613 
0.2 0.22391247749328613 
0.2 0.22391247749328613 
0.2 0.22391247749328613 
0.2 0.22391247749328613 
0.2 0.22391247749328613 
0.2 0.22391247749328613 
0.2 0.22391247749328613 
0.2 0.22391247749328613 
0.2 0.22391247749328613 
0.2 0.22391247749328613 
0.2 0.22391247749328613 
0.2 0.22391247749328613 
0.2 0.22391247749328613 
0.2 0.22391247749328613 
0.2 0.22391247749328613 
0.2 0.22391247749328613 
0.2 0.22391247749328613 
0.2 0.22391247749328613 
0.2 0.22391247749328613 
0.2 0.22391247749328613 
0.2 0.22391247749328613 
0.2 0.22391247749328613 
0.2 0.22391247749328613 
0.2 0.22391247749328613 
0.2 0.22391247749328613 
0.2 0.22391247749328613 
0.2 0.22391247749328613 
0.2 0.22391247749328613 
0.2 0.22391247749328613 
0.2 0.22391247749328613 
0.2 0.22391247749328613 
0.2 0.22391247749328613 
0.2 0.22391247749328613 
0.2 0.22391247749328613 
0.2 0.22391247749328613 
0.2 0.22391247749328613 
0.2 0.22391247749328613 
0.2 0.22391247749328613 
0.2 0.22391247749328613 
0.2 0.22391247749328613 
0.2 0.22391247749328613 
0.2 0.22391247749328613 
0.2 0.22391247749328613 
0.2 0.22391247749328613 
0.2 0.22391247749328613 
0.2 0.22391247749328613 
0.2 0.22391247749328613 
0.2 0.22391247749328613 
0.2 0.22391247749328613 
0.2 0.22391247749328613 
0.2 0.22391247749328613 
0.2 0.22391247749328613 
0.2 0.22391247749328613 
0.2 0.22391247749328613 
0.2 0.22391247749328613 
0.2 0.22391247749328613 
0.2 0.22391247749328613 
0.2 0.22391247749328613 
0.2 0.22391247749328613 
0.2 0.22391247749328613 
0.2 0.22391247749328613 
0.2 0.22391247749328613 
0.2 0.22391247749328613 
0.2 0.22391247749328613 
0.2 0.22391247749328613 
0.2 0.22391247749328613 
0.2 0.22391247749328613 
0.2 0.22391247749328613 
0.2 0.22391247749328613 
0.2 0.22391247749328613 
0.2 0.22391247749328613 
0.2 0.22391247749328613 
0.2 0.22391247749328613 
0.2 0.22391247749328613 
0.2 0.22391247749328613 
0.2 0.22391247749328613 
0.2 0.22391247749328613 
0.2 0.22391247749328613 
0.2 0.22391247749328613 
0.2 0.22391247749328613 
0.2 0.22391247749328613 
0.2 0.22391247749328613 
0.2 0.22391247749328613 
0.2 0.22391247749328613 
0.2 0.22391247749328613 
0.2 0.22391247749328613 
0.2 0.22391247749328613 
0.2 0.22391247749328613 
0.2 0.22391247749328613 
0.2 0.22391247749328613 
0.2 0.22391247749328613 
