1.0 25.053086568669304 
1.0 24.43243301337577 
1.0 23.283572892090014 
1.0 23.283572892090014 
1.0 23.003475509929057 
1.0 23.003475509929057 
1.0 23.003475509929057 
1.0 23.003475509929057 
1.0 23.003475509929057 
1.0 23.003475509929057 
1.0 23.140742035619503 
1.0 23.140742035619503 
1.0 22.993309629530057 
1.0 22.993309629530057 
1.0 22.82837618817897 
1.0 22.82837618817897 
1.0 22.82837618817897 
1.0 22.82837618817897 
1.0 22.88507750504954 
1.0 22.88507750504954 
1.0 22.631469271503594 
1.0 22.631469271503594 
1.0 22.24271580535614 
1.0 22.24271580535614 
1.0 22.225948627941325 
1.0 22.225948627941325 
1.0 21.990695469889225 
1.0 21.990695469889225 
1.0 21.587120088330323 
1.0 21.587120088330323 
1.0 21.587120088330323 
1.0 21.587120088330323 
1.0 21.587120088330323 
1.0 21.587120088330323 
1.0 21.587120088330323 
1.0 21.587120088330323 
1.0 21.587120088330323 
1.0 21.587120088330323 
1.0 21.587120088330323 
1.0 21.587120088330323 
1.0 21.587120088330323 
1.0 21.587120088330323 
1.0 21.587120088330323 
1.0 21.587120088330323 
1.0 21.587120088330323 
1.0 21.587120088330323 
1.0 21.587120088330323 
1.0 21.587120088330323 
1.0 21.587120088330323 
1.0 21.587120088330323 
1.0 21.587120088330323 
1.0 21.587120088330323 
1.0 21.587120088330323 
1.0 21.587120088330323 
1.0 21.587120088330323 
1.0 21.587120088330323 
1.0 21.587120088330323 
1.0 21.587120088330323 
1.0 21.587120088330323 
1.0 21.587120088330323 
1.0 21.587120088330323 
1.0 21.587120088330323 
1.0 21.587120088330323 
1.0 21.587120088330323 
1.0 21.587120088330323 
1.0 21.587120088330323 
1.0 21.587120088330323 
1.0 21.587120088330323 
1.0 21.587120088330323 
1.0 21.587120088330323 
1.0 21.587120088330323 
1.0 21.587120088330323 
1.0 21.587120088330323 
1.0 21.587120088330323 
1.0 21.587120088330323 
1.0 21.587120088330323 
1.0 21.587120088330323 
1.0 19.197674613970616 
1.0 17.39676875068468 
1.0 16.860483705719243 
1.0 16.576927270319633 
1.0 16.576927270319633 
1.0 16.38456884150951 
1.0 16.38456884150951 
1.0 16.38456884150951 
1.0 16.38456884150951 
1.0 16.312432361306062 
1.0 16.312432361306062 
1.0 16.119021214668244 
1.0 16.119021214668244 
1.0 16.119021214668244 
1.0 16.119021214668244 
1.0 16.119021214668244 
1.0 16.119021214668244 
1.0 16.119021214668244 
1.0 16.119021214668244 
1.0 16.119021214668244 
1.0 16.119021214668244 
1.0 16.119021214668244 
1.0 16.119021214668244 
1.0 16.119021214668244 
1.0 16.119021214668244 
1.0 16.119021214668244 
1.0 16.119021214668244 
1.0 16.119021214668244 
1.0 16.119021214668244 
1.0 16.119021214668244 
1.0 16.119021214668244 
1.0 16.119021214668244 
1.0 16.119021214668244 
1.0 16.119021214668244 
1.0 16.119021214668244 
1.0 16.119021214668244 
1.0 16.119021214668244 
1.0 16.119021214668244 
1.0 16.119021214668244 
1.0 16.119021214668244 
1.0 16.119021214668244 
1.0 16.119021214668244 
1.0 16.119021214668244 
1.0 16.119021214668244 
1.0 16.119021214668244 
1.0 16.119021214668244 
1.0 16.119021214668244 
1.0 16.119021214668244 
1.0 16.119021214668244 
1.0 16.0722094059671 
1.0 16.0722094059671 
1.0 16.0722094059671 
1.0 16.0722094059671 
1.0 16.0722094059671 
1.0 16.0722094059671 
1.0 16.06206969192738 
1.0 16.06206969192738 
1.0 16.06206969192738 
1.0 16.06206969192738 
1.0 16.06206969192738 
1.0 16.06206969192738 
1.0 16.06206969192738 
1.0 16.06206969192738 
1.0 16.06206969192738 
1.0 16.06206969192738 
1.0 16.06206969192738 
1.0 16.06206969192738 
1.0 16.06206969192738 
1.0 16.06206969192738 
1.0 16.06206969192738 
1.0 16.06206969192738 
1.0 16.06206969192738 
1.0 16.06206969192738 
1.0 16.06206969192738 
1.0 16.06206969192738 
1.0 16.06206969192738 
1.0 16.06206969192738 
1.0 16.06206969192738 
1.0 16.06206969192738 
1.0 16.06206969192738 
1.0 16.06206969192738 
1.0 16.06206969192738 
1.0 16.06206969192738 
1.0 16.06206969192738 
1.0 16.06206969192738 
1.0 16.06206969192738 
1.0 16.06206969192738 
1.0 16.06206969192738 
1.0 16.06206969192738 
1.0 16.06206969192738 
1.0 16.06206969192738 
1.0 16.06206969192738 
1.0 16.06206969192738 
1.0 16.06206969192738 
1.0 16.06206969192738 
1.0 16.06206969192738 
1.0 16.06206969192738 
1.0 16.06206969192738 
1.0 16.06206969192738 
1.0 16.06206969192738 
1.0 16.06206969192738 
1.0 16.06206969192738 
1.0 16.06206969192738 
1.0 16.06206969192738 
1.0 16.06206969192738 
1.0 16.06206969192738 
1.0 16.06206969192738 
1.0 16.06206969192738 
1.0 16.06206969192738 
1.0 16.06206969192738 
1.0 16.06206969192738 
1.0 16.06206969192738 
1.0 16.06206969192738 
1.0 16.06206969192738 
1.0 16.06206969192738 
1.0 16.06206969192738 
1.0 16.06206969192738 
1.0 16.06206969192738 
1.0 16.06206969192738 
1.0 16.06206969192738 
1.0 16.06206969192738 
1.0 16.06206969192738 
1.0 16.06206969192738 
1.0 16.06206969192738 
1.0 16.06206969192738 
1.0 16.06206969192738 
1.0 16.06206969192738 
1.0 16.06206969192738 
1.0 16.06206969192738 
1.0 16.06206969192738 
1.0 16.06206969192738 
1.0 16.06206969192738 
1.0 16.06206969192738 
1.0 16.06206969192738 
1.0 16.06206969192738 
1.0 16.06206969192738 
1.0 16.06206969192738 
1.0 16.06206969192738 
1.0 16.06206969192738 
1.0 16.06206969192738 
1.0 16.06206969192738 
1.0 16.06206969192738 
1.0 16.06206969192738 
1.0 16.06206969192738 
1.0 16.06206969192738 
1.0 16.06206969192738 
1.0 16.06206969192738 
1.0 16.06206969192738 
1.0 16.06206969192738 
1.0 16.06206969192738 
1.0 16.06206969192738 
1.0 16.06206969192738 
1.0 16.06206969192738 
1.0 16.06206969192738 
1.0 16.06206969192738 
1.0 16.06206969192738 
1.0 16.06206969192738 
1.0 16.06206969192738 
1.0 16.06206969192738 
1.0 16.06206969192738 
1.0 16.06206969192738 
1.0 16.06206969192738 
1.0 16.06206969192738 
1.0 16.06206969192738 
1.0 16.06206969192738 
1.0 16.06206969192738 
1.0 16.06206969192738 
1.0 16.06206969192738 
1.0 16.06206969192738 
1.0 16.06206969192738 
1.0 16.06206969192738 
1.0 16.06206969192738 
1.0 16.06206969192738 
1.0 16.06206969192738 
1.0 16.06206969192738 
1.0 16.06206969192738 
1.0 16.06206969192738 
1.0 16.06206969192738 
1.0 16.06206969192738 
1.0 16.06206969192738 
1.0 16.06206969192738 
1.0 16.06206969192738 
1.0 16.06206969192738 
1.0 16.06206969192738 
1.0 16.06206969192738 
1.0 16.06206969192738 
1.0 16.06206969192738 
1.0 16.06206969192738 
1.0 16.06206969192738 
1.0 16.06206969192738 
1.0 16.06206969192738 
1.0 16.06206969192738 
1.0 16.06206969192738 
1.0 16.06206969192738 
1.0 16.06206969192738 
1.0 16.06206969192738 
1.0 16.06206969192738 
1.0 16.06206969192738 
1.0 16.06206969192738 
1.0 16.06206969192738 
1.0 16.06206969192738 
1.0 16.06206969192738 
1.0 16.06206969192738 
1.0 16.06206969192738 
1.0 16.06206969192738 
1.0 16.06206969192738 
1.0 16.06206969192738 
1.0 16.06206969192738 
1.0 16.06206969192738 
1.0 16.06206969192738 
1.0 16.06206969192738 
1.0 16.06206969192738 
1.0 16.06206969192738 
1.0 16.06206969192738 
1.0 16.06206969192738 
1.0 16.06206969192738 
1.0 16.06206969192738 
1.0 16.06206969192738 
1.0 16.06206969192738 
1.0 16.06206969192738 
1.0 16.06206969192738 
1.0 16.06206969192738 
1.0 16.06206969192738 
1.0 16.06206969192738 
1.0 16.06206969192738 
1.0 16.06206969192738 
1.0 16.06206969192738 
1.0 16.06206969192738 
1.0 16.06206969192738 
1.0 16.06206969192738 
1.0 16.06206969192738 
1.0 16.06206969192738 
1.0 16.06206969192738 
1.0 16.06206969192738 
1.0 16.06206969192738 
1.0 16.06206969192738 
1.0 16.06206969192738 
1.0 16.06206969192738 
1.0 16.06206969192738 
1.0 16.06206969192738 
1.0 16.06206969192738 
1.0 16.06206969192738 
1.0 16.06206969192738 
1.0 16.06206969192738 
1.0 16.06206969192738 
1.0 16.06206969192738 
1.0 16.06206969192738 
1.0 16.06206969192738 
1.0 16.06206969192738 
1.0 16.06206969192738 
1.0 16.06206969192738 
1.0 16.06206969192738 
1.0 16.06206969192738 
1.0 16.06206969192738 
1.0 16.06206969192738 
1.0 16.06206969192738 
1.0 16.06206969192738 
1.0 16.06206969192738 
1.0 16.06206969192738 
1.0 16.06206969192738 
1.0 16.06206969192738 
1.0 16.06206969192738 
1.0 16.06206969192738 
1.0 16.06206969192738 
1.0 16.06206969192738 
1.0 16.06206969192738 
1.0 16.06206969192738 
1.0 16.06206969192738 
1.0 16.06206969192738 
1.0 16.06206969192738 
1.0 16.06206969192738 
1.0 16.06206969192738 
1.0 16.06206969192738 
1.0 16.06206969192738 
1.0 16.06206969192738 
1.0 16.06206969192738 
1.0 16.06206969192738 
1.0 16.06206969192738 
1.0 16.06206969192738 
1.0 16.06206969192738 
1.0 16.172544084692586 
1.0 16.172544084692586 
1.0 16.172544084692586 
1.0 16.172544084692586 
1.0 16.172544084692586 
1.0 16.172544084692586 
1.0 16.172544084692586 
1.0 16.172544084692586 
1.0 16.172544084692586 
1.0 16.172544084692586 
1.0 16.172544084692586 
1.0 16.172544084692586 
1.0 16.172544084692586 
1.0 16.172544084692586 
1.0 16.172544084692586 
1.0 16.172544084692586 
1.0 16.172544084692586 
1.0 16.172544084692586 
1.0 16.172544084692586 
1.0 16.172544084692586 
1.0 16.172544084692586 
1.0 16.172544084692586 
1.0 16.172544084692586 
1.0 16.172544084692586 
1.0 16.172544084692586 
1.0 16.172544084692586 
1.0 16.172544084692586 
1.0 16.172544084692586 
1.0 16.172544084692586 
1.0 16.172544084692586 
1.0 16.172544084692586 
1.0 16.172544084692586 
1.0 16.172544084692586 
1.0 16.172544084692586 
1.0 16.172544084692586 
1.0 16.172544084692586 
1.0 16.172544084692586 
1.0 16.172544084692586 
1.0 16.172544084692586 
1.0 16.172544084692586 
1.0 16.172544084692586 
1.0 16.172544084692586 
1.0 16.172544084692586 
1.0 16.172544084692586 
1.0 16.172544084692586 
1.0 16.172544084692586 
1.0 16.172544084692586 
1.0 16.172544084692586 
1.0 16.172544084692586 
1.0 16.172544084692586 
1.0 16.172544084692586 
1.0 16.172544084692586 
1.0 16.172544084692586 
1.0 16.172544084692586 
1.0 16.172544084692586 
1.0 16.172544084692586 
1.0 16.172544084692586 
1.0 16.172544084692586 
1.0 16.172544084692586 
1.0 16.172544084692586 
1.0 16.172544084692586 
1.0 16.172544084692586 
1.0 16.172544084692586 
1.0 16.172544084692586 
1.0 16.172544084692586 
1.0 16.172544084692586 
1.0 16.172544084692586 
1.0 16.116891503288944 
1.0 16.05277550010507 
1.0 16.05277550010507 
1.0 16.05277550010507 
1.0 16.05277550010507 
1.0 16.05277550010507 
1.0 16.05277550010507 
1.0 16.05277550010507 
1.0 16.05277550010507 
1.0 16.05277550010507 
1.0 16.05277550010507 
1.0 16.05277550010507 
1.0 16.05277550010507 
1.0 16.05277550010507 
1.0 16.05277550010507 
1.0 16.05277550010507 
1.0 16.05277550010507 
1.0 16.05277550010507 
1.0 16.05277550010507 
1.0 16.05277550010507 
1.0 16.05277550010507 
1.0 16.05277550010507 
1.0 16.05277550010507 
1.0 16.05277550010507 
1.0 16.05277550010507 
1.0 16.05277550010507 
1.0 16.05277550010507 
1.0 16.05277550010507 
1.0 16.05277550010507 
1.0 16.05277550010507 
1.0 16.05277550010507 
1.0 16.05277550010507 
1.0 15.98192010048951 
1.0 15.98192010048951 
1.0 15.98192010048951 
1.0 15.98192010048951 
1.0 15.98192010048951 
1.0 15.98192010048951 
1.0 15.98192010048951 
1.0 15.98192010048951 
1.0 15.98192010048951 
1.0 15.98192010048951 
1.0 15.98192010048951 
1.0 15.98192010048951 
1.0 15.98192010048951 
1.0 15.98192010048951 
1.0 15.590548313082264 
1.0 15.590548313082264 
1.0 15.494873056905261 
1.0 15.494873056905261 
1.0 15.503743023375915 
1.0 15.503743023375915 
1.0 15.491815689012832 
1.0 15.491815689012832 
1.0 15.463021639348964 
1.0 15.463021639348964 
1.0 15.248967855593595 
1.0 15.248967855593595 
1.0 15.11472144866731 
1.0 15.11472144866731 
1.0 15.228538717542618 
1.0 15.228538717542618 
1.0 15.228538717542618 
1.0 15.228538717542618 
1.0 15.220545786143887 
1.0 15.220545786143887 
1.0 15.088409910286082 
1.0 15.088409910286082 
1.0 15.088409910286082 
1.0 15.088409910286082 
1.0 15.088409910286082 
1.0 15.088409910286082 
1.0 15.088409910286082 
1.0 15.088409910286082 
1.0 15.03686875561743 
1.0 15.03686875561743 
1.0 15.03686875561743 
1.0 15.03686875561743 
1.0 15.03686875561743 
1.0 15.03686875561743 
1.0 15.03686875561743 
1.0 15.03686875561743 
1.0 15.03686875561743 
1.0 15.03686875561743 
1.0 15.03686875561743 
1.0 15.03686875561743 
1.0 15.03686875561743 
1.0 15.03686875561743 
1.0 15.03686875561743 
1.0 15.03686875561743 
1.0 15.03686875561743 
1.0 15.03686875561743 
1.0 15.03686875561743 
1.0 15.03686875561743 
1.0 15.03686875561743 
1.0 15.03686875561743 
1.0 15.03686875561743 
1.0 15.03686875561743 
1.0 15.03686875561743 
1.0 15.03686875561743 
1.0 15.03686875561743 
1.0 15.03686875561743 
1.0 15.03686875561743 
1.0 14.951733003525813 
1.0 14.951733003525813 
1.0 14.951733003525813 
1.0 14.951733003525813 
1.0 14.951733003525813 
1.0 14.951733003525813 
1.0 14.951733003525813 
1.0 14.951733003525813 
1.0 14.951733003525813 
1.0 14.951733003525813 
1.0 14.951733003525813 
1.0 14.951733003525813 
1.0 14.951733003525813 
1.0 14.951733003525813 
1.0 14.951733003525813 
1.0 14.951733003525813 
1.0 14.951733003525813 
1.0 14.951733003525813 
1.0 14.951733003525813 
1.0 14.951733003525813 
1.0 14.951733003525813 
1.0 14.951733003525813 
1.0 14.951733003525813 
1.0 14.951733003525813 
1.0 14.951733003525813 
1.0 14.951733003525813 
1.0 14.951733003525813 
1.0 14.951733003525813 
1.0 14.951733003525813 
1.0 14.951733003525813 
1.0 14.951733003525813 
1.0 14.951733003525813 
1.0 14.951733003525813 
1.0 14.951733003525813 
1.0 14.951733003525813 
1.0 14.951733003525813 
1.0 14.951733003525813 
1.0 14.951733003525813 
1.0 14.951733003525813 
1.0 14.951733003525813 
1.0 14.951733003525813 
1.0 14.951733003525813 
1.0 14.951733003525813 
1.0 14.951733003525813 
1.0 14.951733003525813 
1.0 14.951733003525813 
1.0 14.951733003525813 
1.0 14.951733003525813 
1.0 14.951733003525813 
1.0 14.951733003525813 
1.0 14.951733003525813 
1.0 14.951733003525813 
1.0 14.951733003525813 
1.0 14.951733003525813 
1.0 14.951733003525813 
1.0 14.951733003525813 
1.0 14.951733003525813 
1.0 14.951733003525813 
1.0 14.951733003525813 
1.0 14.951733003525813 
1.0 14.951733003525813 
1.0 14.951733003525813 
1.0 14.951733003525813 
1.0 14.951733003525813 
1.0 14.951733003525813 
1.0 14.951733003525813 
1.0 14.951733003525813 
1.0 14.951733003525813 
1.0 14.951733003525813 
1.0 14.951733003525813 
1.0 14.951733003525813 
1.0 14.951733003525813 
1.0 14.951733003525813 
1.0 14.951733003525813 
1.0 14.951733003525813 
1.0 14.951733003525813 
1.0 14.951733003525813 
1.0 14.951733003525813 
1.0 14.951733003525813 
1.0 14.951733003525813 
1.0 14.951733003525813 
1.0 14.951733003525813 
1.0 14.951733003525813 
1.0 14.951733003525813 
1.0 14.951733003525813 
1.0 14.951733003525813 
1.0 14.951733003525813 
1.0 14.951733003525813 
1.0 14.951733003525813 
1.0 14.951733003525813 
1.0 14.951733003525813 
1.0 14.951733003525813 
1.0 14.951733003525813 
1.0 14.951733003525813 
1.0 14.951733003525813 
1.0 14.951733003525813 
1.0 14.951733003525813 
1.0 14.951733003525813 
1.0 14.951733003525813 
1.0 14.951733003525813 
