2.0 0.5793518708881579 
2.0 0.7290481085526316 
2.0 0.7424475740131579 
2.0 0.7424475740131579 
2.0 0.6968663908305921 
2.0 0.6968663908305921 
2.0 0.6968663908305921 
2.0 0.6968663908305921 
2.0 0.6968663908305921 
2.0 0.6968663908305921 
2.0 0.625210817571272 
2.0 0.625210817571272 
2.0 0.6845551929139255 
2.0 0.6845551929139255 
2.0 0.6591987476014255 
2.0 0.6591987476014255 
2.0 0.6591987476014255 
2.0 0.6591987476014255 
2.0 0.6324464603892543 
2.0 0.6324464603892543 
2.0 0.5302072625411184 
2.0 0.5302072625411184 
2.0 0.5231277412280702 
2.0 0.5231277412280702 
2.0 0.49506681743421055 
2.0 0.49506681743421055 
2.0 0.5522601425438597 
2.0 0.5522601425438597 
2.0 0.36778405975877193 
2.0 0.36778405975877193 
2.0 0.36778405975877193 
2.0 0.36778405975877193 
2.0 0.36778405975877193 
2.0 0.36778405975877193 
2.0 0.36778405975877193 
2.0 0.36778405975877193 
2.0 0.36778405975877193 
2.0 0.36778405975877193 
2.0 0.36778405975877193 
2.0 0.36778405975877193 
2.0 0.36778405975877193 
2.0 0.36778405975877193 
2.0 0.36778405975877193 
2.0 0.36778405975877193 
2.0 0.36778405975877193 
2.0 0.36778405975877193 
2.0 0.36778405975877193 
2.0 0.36778405975877193 
2.0 0.36778405975877193 
2.0 0.36778405975877193 
2.0 0.36778405975877193 
2.0 0.36778405975877193 
2.0 0.36778405975877193 
2.0 0.36778405975877193 
2.0 0.36778405975877193 
2.0 0.36778405975877193 
2.0 0.36778405975877193 
2.0 0.36778405975877193 
2.0 0.36778405975877193 
2.0 0.36778405975877193 
2.0 0.36778405975877193 
2.0 0.36778405975877193 
2.0 0.36778405975877193 
2.0 0.36778405975877193 
2.0 0.36778405975877193 
2.0 0.36778405975877193 
2.0 0.36778405975877193 
2.0 0.36778405975877193 
2.0 0.36778405975877193 
2.0 0.36778405975877193 
2.0 0.36778405975877193 
2.0 0.36778405975877193 
2.0 0.36778405975877193 
2.0 0.36778405975877193 
2.0 0.36778405975877193 
2.0 0.36778405975877193 
2.0 0.36778405975877193 
2.0 0.8941329152960527 
2.0 0.5820451702987939 
2.0 0.5242233758223684 
2.0 0.39230922765899123 
2.0 0.39230922765899123 
2.0 0.30443695603755483 
2.0 0.30443695603755483 
2.0 0.30443695603755483 
2.0 0.30443695603755483 
2.0 0.3138810649671052 
2.0 0.3138810649671052 
2.0 0.36002145867598684 
2.0 0.36002145867598684 
2.0 0.36002145867598684 
2.0 0.36002145867598684 
2.0 0.36002145867598684 
2.0 0.36002145867598684 
2.0 0.36002145867598684 
2.0 0.36002145867598684 
2.0 0.36002145867598684 
2.0 0.36002145867598684 
2.0 0.36002145867598684 
2.0 0.36002145867598684 
2.0 0.36002145867598684 
2.0 0.36002145867598684 
2.0 0.36002145867598684 
2.0 0.36002145867598684 
2.0 0.36002145867598684 
2.0 0.36002145867598684 
2.0 0.36002145867598684 
2.0 0.36002145867598684 
2.0 0.36002145867598684 
2.0 0.36002145867598684 
2.0 0.36002145867598684 
2.0 0.36002145867598684 
2.0 0.36002145867598684 
2.0 0.36002145867598684 
2.0 0.36002145867598684 
2.0 0.36002145867598684 
2.0 0.36002145867598684 
2.0 0.36002145867598684 
2.0 0.36002145867598684 
2.0 0.36002145867598684 
2.0 0.36002145867598684 
2.0 0.36002145867598684 
2.0 0.36002145867598684 
2.0 0.36002145867598684 
2.0 0.36002145867598684 
2.0 0.36002145867598684 
2.0 0.3421302768640351 
2.0 0.3421302768640351 
2.0 0.3421302768640351 
2.0 0.3421302768640351 
2.0 0.3421302768640351 
2.0 0.3421302768640351 
2.0 0.33833296926398027 
2.0 0.33833296926398027 
2.0 0.33833296926398027 
2.0 0.33833296926398027 
2.0 0.33833296926398027 
2.0 0.33833296926398027 
2.0 0.33833296926398027 
2.0 0.33833296926398027 
2.0 0.33833296926398027 
2.0 0.33833296926398027 
2.0 0.33833296926398027 
2.0 0.33833296926398027 
2.0 0.33833296926398027 
2.0 0.33833296926398027 
2.0 0.33833296926398027 
2.0 0.33833296926398027 
2.0 0.33833296926398027 
2.0 0.33833296926398027 
2.0 0.33833296926398027 
2.0 0.33833296926398027 
2.0 0.33833296926398027 
2.0 0.33833296926398027 
2.0 0.33833296926398027 
2.0 0.33833296926398027 
2.0 0.33833296926398027 
2.0 0.33833296926398027 
2.0 0.33833296926398027 
2.0 0.33833296926398027 
2.0 0.33833296926398027 
2.0 0.33833296926398027 
2.0 0.33833296926398027 
2.0 0.33833296926398027 
2.0 0.33833296926398027 
2.0 0.33833296926398027 
2.0 0.33833296926398027 
2.0 0.33833296926398027 
2.0 0.33833296926398027 
2.0 0.33833296926398027 
2.0 0.33833296926398027 
2.0 0.33833296926398027 
2.0 0.33833296926398027 
2.0 0.33833296926398027 
2.0 0.33833296926398027 
2.0 0.33833296926398027 
2.0 0.33833296926398027 
2.0 0.33833296926398027 
2.0 0.33833296926398027 
2.0 0.33833296926398027 
2.0 0.33833296926398027 
2.0 0.33833296926398027 
2.0 0.33833296926398027 
2.0 0.33833296926398027 
2.0 0.33833296926398027 
2.0 0.33833296926398027 
2.0 0.33833296926398027 
2.0 0.33833296926398027 
2.0 0.33833296926398027 
2.0 0.33833296926398027 
2.0 0.33833296926398027 
2.0 0.33833296926398027 
2.0 0.33833296926398027 
2.0 0.33833296926398027 
2.0 0.33833296926398027 
2.0 0.33833296926398027 
2.0 0.33833296926398027 
2.0 0.33833296926398027 
2.0 0.33833296926398027 
2.0 0.33833296926398027 
2.0 0.33833296926398027 
2.0 0.33833296926398027 
2.0 0.33833296926398027 
2.0 0.33833296926398027 
2.0 0.33833296926398027 
2.0 0.33833296926398027 
2.0 0.33833296926398027 
2.0 0.33833296926398027 
2.0 0.33833296926398027 
2.0 0.33833296926398027 
2.0 0.33833296926398027 
2.0 0.33833296926398027 
2.0 0.33833296926398027 
2.0 0.33833296926398027 
2.0 0.33833296926398027 
2.0 0.33833296926398027 
2.0 0.33833296926398027 
2.0 0.33833296926398027 
2.0 0.33833296926398027 
2.0 0.33833296926398027 
2.0 0.33833296926398027 
2.0 0.33833296926398027 
2.0 0.33833296926398027 
2.0 0.33833296926398027 
2.0 0.33833296926398027 
2.0 0.33833296926398027 
2.0 0.33833296926398027 
2.0 0.33833296926398027 
2.0 0.33833296926398027 
2.0 0.33833296926398027 
2.0 0.33833296926398027 
2.0 0.33833296926398027 
2.0 0.33833296926398027 
2.0 0.33833296926398027 
2.0 0.33833296926398027 
2.0 0.33833296926398027 
2.0 0.33833296926398027 
2.0 0.33833296926398027 
2.0 0.33833296926398027 
2.0 0.33833296926398027 
2.0 0.33833296926398027 
2.0 0.33833296926398027 
2.0 0.33833296926398027 
2.0 0.33833296926398027 
2.0 0.33833296926398027 
2.0 0.33833296926398027 
2.0 0.33833296926398027 
2.0 0.33833296926398027 
2.0 0.33833296926398027 
2.0 0.33833296926398027 
2.0 0.33833296926398027 
2.0 0.33833296926398027 
2.0 0.33833296926398027 
2.0 0.33833296926398027 
2.0 0.33833296926398027 
2.0 0.33833296926398027 
2.0 0.33833296926398027 
2.0 0.33833296926398027 
2.0 0.33833296926398027 
2.0 0.33833296926398027 
2.0 0.33833296926398027 
2.0 0.33833296926398027 
2.0 0.33833296926398027 
2.0 0.33833296926398027 
2.0 0.33833296926398027 
2.0 0.33833296926398027 
2.0 0.33833296926398027 
2.0 0.33833296926398027 
2.0 0.33833296926398027 
2.0 0.33833296926398027 
2.0 0.33833296926398027 
2.0 0.33833296926398027 
2.0 0.33833296926398027 
2.0 0.33833296926398027 
2.0 0.33833296926398027 
2.0 0.33833296926398027 
2.0 0.33833296926398027 
2.0 0.33833296926398027 
2.0 0.33833296926398027 
2.0 0.33833296926398027 
2.0 0.33833296926398027 
2.0 0.33833296926398027 
2.0 0.33833296926398027 
2.0 0.33833296926398027 
2.0 0.33833296926398027 
2.0 0.33833296926398027 
2.0 0.33833296926398027 
2.0 0.33833296926398027 
2.0 0.33833296926398027 
2.0 0.33833296926398027 
2.0 0.33833296926398027 
2.0 0.33833296926398027 
2.0 0.33833296926398027 
2.0 0.33833296926398027 
2.0 0.33833296926398027 
2.0 0.33833296926398027 
2.0 0.33833296926398027 
2.0 0.33833296926398027 
2.0 0.33833296926398027 
2.0 0.33833296926398027 
2.0 0.33833296926398027 
2.0 0.33833296926398027 
2.0 0.33833296926398027 
2.0 0.33833296926398027 
2.0 0.33833296926398027 
2.0 0.33833296926398027 
2.0 0.33833296926398027 
2.0 0.33833296926398027 
2.0 0.33833296926398027 
2.0 0.33833296926398027 
2.0 0.33833296926398027 
2.0 0.33833296926398027 
2.0 0.33833296926398027 
2.0 0.33833296926398027 
2.0 0.33833296926398027 
2.0 0.33833296926398027 
2.0 0.33833296926398027 
2.0 0.33833296926398027 
2.0 0.33833296926398027 
2.0 0.33833296926398027 
2.0 0.33833296926398027 
2.0 0.33833296926398027 
2.0 0.33833296926398027 
2.0 0.33833296926398027 
2.0 0.33833296926398027 
2.0 0.33833296926398027 
2.0 0.33833296926398027 
2.0 0.33833296926398027 
2.0 0.33833296926398027 
2.0 0.33833296926398027 
2.0 0.33833296926398027 
2.0 0.33833296926398027 
2.0 0.33833296926398027 
2.0 0.33833296926398027 
2.0 0.33833296926398027 
2.0 0.33833296926398027 
2.0 0.33833296926398027 
2.0 0.33833296926398027 
2.0 0.33833296926398027 
2.0 0.33833296926398027 
2.0 0.33833296926398027 
2.0 0.33833296926398027 
2.0 0.33833296926398027 
2.0 0.33833296926398027 
2.0 0.33833296926398027 
2.0 0.33833296926398027 
2.0 0.33833296926398027 
2.0 0.33833296926398027 
2.0 0.33833296926398027 
2.0 0.33833296926398027 
2.0 0.33833296926398027 
2.0 0.33833296926398027 
2.0 0.33833296926398027 
2.0 0.33833296926398027 
2.0 0.33833296926398027 
2.0 0.33833296926398027 
2.0 0.33833296926398027 
2.0 0.25759470086348685 
2.0 0.25759470086348685 
2.0 0.25759470086348685 
2.0 0.25759470086348685 
2.0 0.25759470086348685 
2.0 0.25759470086348685 
2.0 0.25759470086348685 
2.0 0.25759470086348685 
2.0 0.25759470086348685 
2.0 0.25759470086348685 
2.0 0.25759470086348685 
2.0 0.25759470086348685 
2.0 0.25759470086348685 
2.0 0.25759470086348685 
2.0 0.25759470086348685 
2.0 0.25759470086348685 
2.0 0.25759470086348685 
2.0 0.25759470086348685 
2.0 0.25759470086348685 
2.0 0.25759470086348685 
2.0 0.25759470086348685 
2.0 0.25759470086348685 
2.0 0.25759470086348685 
2.0 0.25759470086348685 
2.0 0.25759470086348685 
2.0 0.25759470086348685 
2.0 0.25759470086348685 
2.0 0.25759470086348685 
2.0 0.25759470086348685 
2.0 0.25759470086348685 
2.0 0.25759470086348685 
2.0 0.25759470086348685 
2.0 0.25759470086348685 
2.0 0.25759470086348685 
2.0 0.25759470086348685 
2.0 0.25759470086348685 
2.0 0.25759470086348685 
2.0 0.25759470086348685 
2.0 0.25759470086348685 
2.0 0.25759470086348685 
2.0 0.25759470086348685 
2.0 0.25759470086348685 
2.0 0.25759470086348685 
2.0 0.25759470086348685 
2.0 0.25759470086348685 
2.0 0.25759470086348685 
2.0 0.25759470086348685 
2.0 0.25759470086348685 
2.0 0.25759470086348685 
2.0 0.25759470086348685 
2.0 0.25759470086348685 
2.0 0.25759470086348685 
2.0 0.25759470086348685 
2.0 0.25759470086348685 
2.0 0.25759470086348685 
2.0 0.25759470086348685 
2.0 0.25759470086348685 
2.0 0.25759470086348685 
2.0 0.25759470086348685 
2.0 0.25759470086348685 
2.0 0.25759470086348685 
2.0 0.25759470086348685 
2.0 0.25759470086348685 
2.0 0.25759470086348685 
2.0 0.25759470086348685 
2.0 0.25759470086348685 
2.0 0.25759470086348685 
2.0 0.2559763269257127 
2.0 0.27106267560992325 
2.0 0.27106267560992325 
2.0 0.27106267560992325 
2.0 0.27106267560992325 
2.0 0.27106267560992325 
2.0 0.27106267560992325 
2.0 0.27106267560992325 
2.0 0.27106267560992325 
2.0 0.27106267560992325 
2.0 0.27106267560992325 
2.0 0.27106267560992325 
2.0 0.27106267560992325 
2.0 0.27106267560992325 
2.0 0.27106267560992325 
2.0 0.27106267560992325 
2.0 0.27106267560992325 
2.0 0.27106267560992325 
2.0 0.27106267560992325 
2.0 0.27106267560992325 
2.0 0.27106267560992325 
2.0 0.27106267560992325 
2.0 0.27106267560992325 
2.0 0.27106267560992325 
2.0 0.27106267560992325 
2.0 0.27106267560992325 
2.0 0.27106267560992325 
2.0 0.27106267560992325 
2.0 0.27106267560992325 
2.0 0.27106267560992325 
2.0 0.27106267560992325 
2.0 0.27106267560992325 
2.0 0.24202960097998902 
2.0 0.24202960097998902 
2.0 0.24202960097998902 
2.0 0.24202960097998902 
2.0 0.24202960097998902 
2.0 0.24202960097998902 
2.0 0.24202960097998902 
2.0 0.24202960097998902 
2.0 0.24202960097998902 
2.0 0.24202960097998902 
2.0 0.24202960097998902 
2.0 0.24202960097998902 
2.0 0.24202960097998902 
2.0 0.24202960097998902 
2.0 0.2967461622807017 
2.0 0.2967461622807017 
2.0 0.29379024037143636 
2.0 0.29379024037143636 
2.0 0.27962333813048246 
2.0 0.27962333813048246 
2.0 0.26795243112664474 
2.0 0.26795243112664474 
2.0 0.2598130825109649 
2.0 0.2598130825109649 
2.0 0.22488739549067985 
2.0 0.22488739549067985 
2.0 0.24878651401452853 
2.0 0.24878651401452853 
2.0 0.22008810478344298 
2.0 0.22008810478344298 
2.0 0.22008810478344298 
2.0 0.22008810478344298 
2.0 0.20477821751644737 
2.0 0.20477821751644737 
2.0 0.22289156729714912 
2.0 0.22289156729714912 
2.0 0.22289156729714912 
2.0 0.22289156729714912 
2.0 0.22289156729714912 
2.0 0.22289156729714912 
2.0 0.22289156729714912 
2.0 0.22289156729714912 
2.0 0.21804880242598684 
2.0 0.21804880242598684 
2.0 0.21804880242598684 
2.0 0.21804880242598684 
2.0 0.21804880242598684 
2.0 0.21804880242598684 
2.0 0.21804880242598684 
2.0 0.21804880242598684 
2.0 0.21804880242598684 
2.0 0.21804880242598684 
2.0 0.21804880242598684 
2.0 0.21804880242598684 
2.0 0.21804880242598684 
2.0 0.21804880242598684 
2.0 0.21804880242598684 
2.0 0.21804880242598684 
2.0 0.21804880242598684 
2.0 0.21804880242598684 
2.0 0.21804880242598684 
2.0 0.21804880242598684 
2.0 0.21804880242598684 
2.0 0.21804880242598684 
2.0 0.21804880242598684 
2.0 0.21804880242598684 
2.0 0.21804880242598684 
2.0 0.21804880242598684 
2.0 0.21804880242598684 
2.0 0.21804880242598684 
2.0 0.21804880242598684 
2.0 0.22519197162828947 
2.0 0.22519197162828947 
2.0 0.22519197162828947 
2.0 0.22519197162828947 
2.0 0.22519197162828947 
2.0 0.22519197162828947 
2.0 0.22519197162828947 
2.0 0.22519197162828947 
2.0 0.22519197162828947 
2.0 0.22519197162828947 
2.0 0.22519197162828947 
2.0 0.22519197162828947 
2.0 0.22519197162828947 
2.0 0.22519197162828947 
2.0 0.22519197162828947 
2.0 0.22519197162828947 
2.0 0.22519197162828947 
2.0 0.22519197162828947 
2.0 0.22519197162828947 
2.0 0.22519197162828947 
2.0 0.22519197162828947 
2.0 0.22519197162828947 
2.0 0.22519197162828947 
2.0 0.22519197162828947 
2.0 0.22519197162828947 
2.0 0.22519197162828947 
2.0 0.22519197162828947 
2.0 0.22519197162828947 
2.0 0.22519197162828947 
2.0 0.22519197162828947 
2.0 0.22519197162828947 
2.0 0.22519197162828947 
2.0 0.22519197162828947 
2.0 0.22519197162828947 
2.0 0.22519197162828947 
2.0 0.22519197162828947 
2.0 0.22519197162828947 
2.0 0.22519197162828947 
2.0 0.22519197162828947 
2.0 0.22519197162828947 
2.0 0.22519197162828947 
2.0 0.22519197162828947 
2.0 0.22519197162828947 
2.0 0.22519197162828947 
2.0 0.22519197162828947 
2.0 0.22519197162828947 
2.0 0.22519197162828947 
2.0 0.22519197162828947 
2.0 0.22519197162828947 
2.0 0.22519197162828947 
2.0 0.22519197162828947 
2.0 0.22519197162828947 
2.0 0.22519197162828947 
2.0 0.22519197162828947 
2.0 0.22519197162828947 
2.0 0.22519197162828947 
2.0 0.22519197162828947 
2.0 0.22519197162828947 
2.0 0.22519197162828947 
2.0 0.22519197162828947 
2.0 0.22519197162828947 
2.0 0.22519197162828947 
2.0 0.22519197162828947 
2.0 0.22519197162828947 
2.0 0.22519197162828947 
2.0 0.22519197162828947 
2.0 0.22519197162828947 
2.0 0.22519197162828947 
2.0 0.22519197162828947 
2.0 0.22519197162828947 
2.0 0.22519197162828947 
2.0 0.22519197162828947 
2.0 0.22519197162828947 
2.0 0.22519197162828947 
2.0 0.22519197162828947 
2.0 0.22519197162828947 
2.0 0.22519197162828947 
2.0 0.22519197162828947 
2.0 0.22519197162828947 
2.0 0.22519197162828947 
2.0 0.22519197162828947 
2.0 0.22519197162828947 
2.0 0.22519197162828947 
2.0 0.22519197162828947 
2.0 0.22519197162828947 
2.0 0.22519197162828947 
2.0 0.22519197162828947 
2.0 0.22519197162828947 
2.0 0.22519197162828947 
2.0 0.22519197162828947 
2.0 0.22519197162828947 
2.0 0.22519197162828947 
2.0 0.22519197162828947 
2.0 0.22519197162828947 
2.0 0.22519197162828947 
2.0 0.22519197162828947 
2.0 0.22519197162828947 
2.0 0.22519197162828947 
2.0 0.22519197162828947 
2.0 0.22519197162828947 
