# PLDDT for structure 
0 0.5380096435546875 
1 0.6049835681915283 
2 0.6453760862350464 
3 0.753458559513092 
4 0.767065167427063 
5 0.7905087471008301 
6 0.8264493346214294 
7 0.8352599143981934 
8 0.8572900891304016 
9 0.876740574836731 
10 0.8818007111549377 
11 0.8932034373283386 
12 0.9182820320129395 
13 0.927887499332428 
14 0.9192330241203308 
15 0.9244197607040405 
16 0.9360207319259644 
17 0.9234726428985596 
18 0.9054611921310425 
19 0.911064863204956 
20 0.9070711731910706 
21 0.8735958337783813 
22 0.8537706732749939 
23 0.8509679436683655 
24 0.8392695784568787 
25 0.8079825043678284 
26 0.8022984862327576 
27 0.7628487348556519 
28 0.67099529504776 
29 0.6680148243904114 
30 0.635530948638916 
31 0.5193108916282654 
32 0.5333484411239624 
33 0.6023068428039551 
34 0.5061774253845215 
35 0.5215371251106262 
36 0.6801285743713379 
37 0.7331564426422119 
38 0.7667587399482727 
39 0.7569507956504822 
40 0.8348318338394165 
41 0.8531306385993958 
42 0.8648325800895691 
43 0.8842505216598511 
44 0.8873928785324097 
45 0.8927245140075684 
46 0.915844202041626 
47 0.9220882654190063 
48 0.9101327061653137 
49 0.9126297235488892 
50 0.9278006553649902 
51 0.912517249584198 
52 0.8854567408561707 
53 0.8846441507339478 
54 0.8805895447731018 
55 0.8608889579772949 
56 0.83598393201828 
57 0.8287490010261536 
58 0.815565288066864 
59 0.8017566800117493 
60 0.7635906338691711 
61 0.7634485363960266 
62 0.7808241844177246 
63 0.7335525155067444 
64 0.8046209812164307 
65 0.7859506011009216 
66 0.8339245319366455 
67 0.8286035060882568 
68 0.7976686954498291 
69 0.8246940970420837 
70 0.8344168066978455 
71 0.8218440413475037 
72 0.8194009065628052 
73 0.8616900444030762 
74 0.8762883543968201 
75 0.8576173782348633 
76 0.8634282350540161 
77 0.8841305375099182 
78 0.8861910700798035 
79 0.8777041435241699 
80 0.8831012845039368 
81 0.8732333779335022 
82 0.886985182762146 
83 0.8930801153182983 
84 0.8665614724159241 
85 0.8581660985946655 
86 0.8898262977600098 
87 0.875714123249054 
88 0.8407464623451233 
89 0.8551204204559326 
90 0.876218855381012 
91 0.8452172875404358 
92 0.8307216763496399 
93 0.8549471497535706 
94 0.8473829627037048 
95 0.824601948261261 
96 0.8206400275230408 
97 0.8161399960517883 
98 0.7973793148994446 
99 0.7730772495269775 
100 0.7431339621543884 
101 0.7423907518386841 
102 0.7202425599098206 
103 0.6571677327156067 
104 0.70435631275177 
105 0.7096981406211853 
106 0.7249950170516968 
107 0.7554582357406616 
108 0.7584857940673828 
109 0.7682552933692932 
110 0.7759659886360168 
111 0.779574990272522 
112 0.780929684638977 
113 0.7849076390266418 
114 0.7953087091445923 
115 0.8033830523490906 
116 0.8064186573028564 
117 0.8264731764793396 
118 0.822770357131958 
119 0.8228756785392761 
120 0.8130938410758972 
121 0.8078669309616089 
122 0.832310140132904 
123 0.8013635873794556 
124 0.7848777174949646 
125 0.737202525138855 
126 0.7771775126457214 
127 0.7700222134590149 
128 0.7959650754928589 
129 0.8163124322891235 
130 0.8115819692611694 
131 0.8394461274147034 
132 0.8593517541885376 
133 0.8734551072120667 
134 0.8575400114059448 
135 0.8625384569168091 
136 0.8850455284118652 
137 0.873223602771759 
138 0.8572657108306885 
139 0.8648339509963989 
140 0.8770685791969299 
141 0.8573212027549744 
142 0.8588550686836243 
143 0.873898446559906 
144 0.8632799983024597 
145 0.8444921970367432 
146 0.8705692887306213 
147 0.8791550397872925 
148 0.8713020086288452 
149 0.859873354434967 
150 0.8851101994514465 
151 0.8931475281715393 
152 0.8734464049339294 
153 0.8835942149162292 
154 0.8983139991760254 
155 0.8905456066131592 
156 0.8759252429008484 
157 0.8831989169120789 
158 0.8755292892456055 
159 0.8666289448738098 
160 0.8654600977897644 
161 0.8418229222297668 
162 0.8242331743240356 
163 0.8209483623504639 
164 0.7771255970001221 
165 0.7478016018867493 
166 0.7301174402236938 
167 0.6942358016967773 
168 0.5398756861686707 
169 0.6761863231658936 
170 0.7637806534767151 
171 0.7899923324584961 
172 0.7584304213523865 
173 0.7502598762512207 
174 0.7964605093002319 
175 0.7962642908096313 
176 0.7773709297180176 
177 0.7745326161384583 
178 0.7636361718177795 
179 0.7692541480064392 
180 0.6773921847343445 
181 0.7113551497459412 
182 0.7675365805625916 
183 0.8048810958862305 
184 0.8251774311065674 
185 0.8342554569244385 
186 0.8318459987640381 
187 0.7927937507629395 
188 0.6302215456962585 
