1.0 0.41789525500416047 
1.0 0.4045279689089081 
1.0 0.671950888633728 
1.0 0.3465414555115107 
1.0 0.36549025315504813 
1.0 0.6274193525314331 
1.0 0.3463069306322809 
1.0 0.3531825500127126 
1.0 0.5796396255493164 
1.0 0.3463069306322809 
1.0 0.3531825500127126 
1.0 0.5796396255493164 
1.0 0.3402698223407452 
1.0 0.35377859081742324 
1.0 0.5601181030273438 
1.0 0.3446545121232434 
1.0 0.35909284783538276 
1.0 0.5600915431976319 
1.0 0.3257286026632997 
1.0 0.32959806002103365 
1.0 0.4902104377746582 
1.0 0.3257286026632997 
1.0 0.32959806002103365 
1.0 0.4902104377746582 
1.0 0.285472621579142 
1.0 0.30152626714762853 
1.0 0.4391808986663819 
1.0 0.285472621579142 
1.0 0.30152626714762853 
1.0 0.4391808986663819 
1.0 0.2827916794274685 
1.0 0.30692250629853923 
1.0 0.3707331657409668 
1.0 0.2827916794274685 
1.0 0.30692250629853923 
1.0 0.3707331657409668 
1.0 0.2827916794274685 
1.0 0.30692250629853923 
1.0 0.3707331657409668 
1.0 0.2827916794274685 
1.0 0.30692250629853923 
1.0 0.3707331657409668 
1.0 0.2827916794274685 
1.0 0.30692250629853923 
1.0 0.3707331657409668 
1.0 0.2827916794274685 
1.0 0.30692250629853923 
1.0 0.3707331657409668 
1.0 0.25062353371163093 
1.0 0.2908261541784163 
1.0 0.2757483959197998 
1.0 0.25062353371163093 
1.0 0.2908261541784163 
1.0 0.2757483959197998 
1.0 0.2562514536479521 
1.0 0.30529920589289017 
1.0 0.3038153171539306 
1.0 0.2562514536479521 
1.0 0.30529920589289017 
1.0 0.3038153171539306 
1.0 0.2583854720437315 
1.0 0.2967019617204836 
1.0 0.2841835021972656 
1.0 0.2583854720437315 
1.0 0.2967019617204836 
1.0 0.2841835021972656 
1.0 0.2528951069307045 
1.0 0.2903730403742141 
1.0 0.290236234664917 
1.0 0.2528951069307045 
1.0 0.2903730403742141 
1.0 0.290236234664917 
1.0 0.2574494491667437 
1.0 0.28752650876017016 
1.0 0.272179651260376 
1.0 0.2574494491667437 
1.0 0.28752650876017016 
1.0 0.272179651260376 
1.0 0.2511087000017336 
1.0 0.2857930110051081 
1.0 0.2633986473083496 
1.0 0.2511087000017336 
1.0 0.2857930110051081 
1.0 0.2633986473083496 
1.0 0.25138936240292165 
1.0 0.2841227153349205 
1.0 0.2586030960083008 
1.0 0.25138936240292165 
1.0 0.2841227153349205 
1.0 0.2586030960083008 
1.0 0.25291262293708394 
1.0 0.28278626210590796 
1.0 0.2669819355010986 
1.0 0.25291262293708394 
1.0 0.28278626210590796 
1.0 0.2669819355010986 
1.0 0.25291262293708394 
1.0 0.28278626210590796 
1.0 0.2669819355010986 
1.0 0.25291262293708394 
1.0 0.28278626210590796 
1.0 0.2669819355010986 
1.0 0.25291262293708394 
1.0 0.28278626210590796 
1.0 0.2669819355010986 
1.0 0.25291262293708394 
1.0 0.28278626210590796 
1.0 0.2669819355010986 
1.0 0.25291262293708394 
1.0 0.28278626210590796 
1.0 0.2669819355010986 
1.0 0.25291262293708394 
1.0 0.28278626210590796 
1.0 0.2669819355010986 
1.0 0.25065969433304824 
1.0 0.28306457700108634 
1.0 0.2623534679412842 
1.0 0.25065969433304824 
1.0 0.28306457700108634 
1.0 0.2623534679412842 
1.0 0.25065969433304824 
1.0 0.28306457700108634 
1.0 0.2623534679412842 
1.0 0.25065969433304824 
1.0 0.28306457700108634 
1.0 0.2623534679412842 
1.0 0.2478652141503328 
1.0 0.27987517407659945 
1.0 0.24690613746643064 
1.0 0.2478652141503328 
1.0 0.27987517407659945 
1.0 0.24690613746643064 
1.0 0.2478652141503328 
1.0 0.27987517407659945 
1.0 0.24690613746643064 
1.0 0.2478652141503328 
1.0 0.27987517407659945 
1.0 0.24690613746643064 
1.0 0.2478652141503328 
1.0 0.27987517407659945 
1.0 0.24690613746643064 
1.0 0.2478652141503328 
1.0 0.27987517407659945 
1.0 0.24690613746643064 
1.0 0.24985784045337922 
1.0 0.2784408027603782 
1.0 0.2505834579467774 
1.0 0.24985784045337922 
1.0 0.2784408027603782 
1.0 0.2505834579467774 
1.0 0.24997715696075262 
1.0 0.27669091760759523 
1.0 0.24331979751586919 
1.0 0.24997715696075262 
1.0 0.27669091760759523 
1.0 0.24331979751586919 
1.0 0.24997715696075262 
1.0 0.27669091760759523 
1.0 0.24331979751586919 
1.0 0.24997715696075262 
1.0 0.27669091760759523 
1.0 0.24331979751586919 
1.0 0.24997715696075262 
1.0 0.27669091760759523 
1.0 0.24331979751586919 
1.0 0.24997715696075262 
1.0 0.27669091760759523 
1.0 0.24331979751586919 
1.0 0.24997715696075262 
1.0 0.27669091760759523 
1.0 0.24331979751586919 
1.0 0.24997715696075262 
1.0 0.27669091760759523 
1.0 0.24331979751586919 
1.0 0.24969157382581364 
1.0 0.27996546276927703 
1.0 0.24473085403442385 
1.0 0.24969157382581364 
1.0 0.27996546276927703 
1.0 0.24473085403442385 
1.0 0.24960259431917997 
1.0 0.2796596098228319 
1.0 0.24024057388305664 
1.0 0.24960259431917997 
1.0 0.2796596098228319 
1.0 0.24024057388305664 
1.0 0.2493483865049464 
1.0 0.27737363555727623 
1.0 0.2445839881896973 
1.0 0.2493483865049464 
1.0 0.27737363555727623 
1.0 0.2445839881896973 
1.0 0.2493483865049464 
1.0 0.27737363555727623 
1.0 0.2445839881896973 
1.0 0.2493483865049464 
1.0 0.27737363555727623 
1.0 0.2445839881896973 
1.0 0.24798358262643305 
1.0 0.27626407781296225 
1.0 0.2462035655975342 
1.0 0.24798358262643305 
1.0 0.27626407781296225 
1.0 0.2462035655975342 
1.0 0.24798358262643305 
1.0 0.27626407781296225 
1.0 0.2462035655975342 
1.0 0.24798358262643305 
1.0 0.27626407781296225 
1.0 0.2462035655975342 
1.0 0.24798358262643305 
1.0 0.27626407781296225 
1.0 0.2462035655975342 
1.0 0.24798358262643305 
1.0 0.27626407781296225 
1.0 0.2462035655975342 
1.0 0.24798358262643305 
1.0 0.27626407781296225 
1.0 0.2462035655975342 
1.0 0.24798358262643305 
1.0 0.27626407781296225 
1.0 0.2462035655975342 
1.0 0.24798358262643305 
1.0 0.27626407781296225 
1.0 0.2462035655975342 
1.0 0.24798358262643305 
1.0 0.27626407781296225 
1.0 0.2462035655975342 
1.0 0.24798358262643305 
1.0 0.27626407781296225 
1.0 0.2462035655975342 
1.0 0.24798358262643305 
1.0 0.27626407781296225 
1.0 0.2462035655975342 
1.0 0.24798358262643305 
1.0 0.27626407781296225 
1.0 0.2462035655975342 
1.0 0.24798358262643305 
1.0 0.27626407781296225 
1.0 0.2462035655975342 
1.0 0.24798358262643305 
1.0 0.27626407781296225 
1.0 0.2462035655975342 
1.0 0.24798358262643305 
1.0 0.27626407781296225 
1.0 0.2462035655975342 
1.0 0.24957970613558622 
1.0 0.2759717681704188 
1.0 0.246241283416748 
1.0 0.24957970613558622 
1.0 0.2759717681704188 
1.0 0.246241283416748 
1.0 0.24957970613558622 
1.0 0.2759717681704188 
1.0 0.246241283416748 
1.0 0.24957970613558622 
1.0 0.2759717681704188 
1.0 0.246241283416748 
1.0 0.24957970613558622 
1.0 0.2759717681704188 
1.0 0.246241283416748 
1.0 0.24957970613558622 
1.0 0.2759717681704188 
1.0 0.246241283416748 
1.0 0.24957970613558622 
1.0 0.2759717681704188 
1.0 0.246241283416748 
1.0 0.24957970613558622 
1.0 0.2759717681704188 
1.0 0.246241283416748 
1.0 0.24957970613558622 
1.0 0.2759717681704188 
1.0 0.246241283416748 
1.0 0.24957970613558622 
1.0 0.2759717681704188 
1.0 0.246241283416748 
1.0 0.24957970613558622 
1.0 0.2759717681704188 
1.0 0.246241283416748 
1.0 0.24957970613558622 
1.0 0.2759717681704188 
1.0 0.246241283416748 
1.0 0.24957970613558622 
1.0 0.2759717681704188 
1.0 0.246241283416748 
1.0 0.24957970613558622 
1.0 0.2759717681704188 
1.0 0.246241283416748 
1.0 0.24927638127253604 
1.0 0.2776400774893676 
1.0 0.24785084724426265 
1.0 0.24927638127253604 
1.0 0.2776400774893676 
1.0 0.24785084724426265 
1.0 0.24927638127253604 
1.0 0.2776400774893676 
1.0 0.24785084724426265 
1.0 0.24927638127253604 
1.0 0.2776400774893676 
1.0 0.24785084724426265 
1.0 0.24927638127253604 
1.0 0.2776400774893676 
1.0 0.24785084724426265 
1.0 0.24927638127253604 
1.0 0.2776400774893676 
1.0 0.24785084724426265 
1.0 0.24927638127253604 
1.0 0.2776400774893676 
1.0 0.24785084724426265 
1.0 0.24927638127253604 
1.0 0.2776400774893676 
1.0 0.24785084724426265 
1.0 0.246643201839289 
1.0 0.27550899347610025 
1.0 0.2400517463684082 
1.0 0.246643201839289 
1.0 0.27550899347610025 
1.0 0.2400517463684082 
1.0 0.246643201839289 
1.0 0.27550899347610025 
1.0 0.2400517463684082 
1.0 0.246643201839289 
1.0 0.27550899347610025 
1.0 0.2400517463684082 
1.0 0.246643201839289 
1.0 0.27550899347610025 
1.0 0.2400517463684082 
1.0 0.246643201839289 
1.0 0.27550899347610025 
1.0 0.2400517463684082 
1.0 0.246643201839289 
1.0 0.27550899347610025 
1.0 0.2400517463684082 
