2.0 0.8135158082700186 
2.0 0.9374927186129386 
2.0 0.9114166485821759 
2.0 0.4386047990849994 
2.0 0.814976956551535 
2.0 0.8054273365162037 
2.0 0.4292049618944248 
2.0 0.7872029194078947 
2.0 0.7600364402488426 
2.0 0.4292049618944248 
2.0 0.7872029194078947 
2.0 0.7600364402488426 
2.0 0.42592054433201454 
2.0 0.7589459121436403 
2.0 0.718176902488426 
2.0 0.43384054450707843 
2.0 0.7691832853618421 
2.0 0.7303944679542824 
2.0 0.40266491019222017 
2.0 0.6361036869517543 
2.0 0.5911060474537037 
2.0 0.40266491019222017 
2.0 0.6361036869517543 
2.0 0.5911060474537037 
2.0 0.3627356068298262 
2.0 0.5031890333744518 
2.0 0.4903026891637731 
2.0 0.3627356068298262 
2.0 0.5031890333744518 
2.0 0.4903026891637731 
2.0 0.36608319328221467 
2.0 0.42149743866502193 
2.0 0.4575257703993056 
2.0 0.36608319328221467 
2.0 0.42149743866502193 
2.0 0.4575257703993056 
2.0 0.36608319328221467 
2.0 0.42149743866502193 
2.0 0.4575257703993056 
2.0 0.36608319328221467 
2.0 0.42149743866502193 
2.0 0.4575257703993056 
2.0 0.36608319328221467 
2.0 0.42149743866502193 
2.0 0.4575257703993056 
2.0 0.36608319328221467 
2.0 0.42149743866502193 
2.0 0.4575257703993056 
2.0 0.3448615098677684 
2.0 0.29940607439007677 
2.0 0.396819751880787 
2.0 0.3448615098677684 
2.0 0.29940607439007677 
2.0 0.396819751880787 
2.0 0.35456898538799997 
2.0 0.3310207005550987 
2.0 0.40962063259548614 
2.0 0.35456898538799997 
2.0 0.3310207005550987 
2.0 0.40962063259548614 
2.0 0.3503836452388455 
2.0 0.3182979757743969 
2.0 0.38396258318865745 
2.0 0.3503836452388455 
2.0 0.3182979757743969 
2.0 0.38396258318865745 
2.0 0.3432614258370972 
2.0 0.32447466933936403 
2.0 0.3731079553674769 
2.0 0.3432614258370972 
2.0 0.32447466933936403 
2.0 0.3731079553674769 
2.0 0.3443870137600224 
2.0 0.311033357319079 
2.0 0.3492026321976273 
2.0 0.3443870137600224 
2.0 0.311033357319079 
2.0 0.3492026321976273 
2.0 0.33983549829020926 
2.0 0.3059221234237938 
2.0 0.33874125162760416 
2.0 0.33983549829020926 
2.0 0.3059221234237938 
2.0 0.33874125162760416 
2.0 0.3394233686962408 
2.0 0.29558936403508773 
2.0 0.32826759620949075 
2.0 0.3394233686962408 
2.0 0.29558936403508773 
2.0 0.32826759620949075 
2.0 0.33945546374426666 
2.0 0.30882493403919953 
2.0 0.3375428602430556 
2.0 0.33945546374426666 
2.0 0.30882493403919953 
2.0 0.3375428602430556 
2.0 0.33945546374426666 
2.0 0.30882493403919953 
2.0 0.3375428602430556 
2.0 0.33945546374426666 
2.0 0.30882493403919953 
2.0 0.3375428602430556 
2.0 0.33945546374426666 
2.0 0.30882493403919953 
2.0 0.3375428602430556 
2.0 0.33945546374426666 
2.0 0.30882493403919953 
2.0 0.3375428602430556 
2.0 0.33945546374426666 
2.0 0.30882493403919953 
2.0 0.3375428602430556 
2.0 0.33945546374426666 
2.0 0.30882493403919953 
2.0 0.3375428602430556 
2.0 0.3391254318242825 
2.0 0.2984899259868421 
2.0 0.3315923394097222 
2.0 0.3391254318242825 
2.0 0.2984899259868421 
2.0 0.3315923394097222 
2.0 0.3391254318242825 
2.0 0.2984899259868421 
2.0 0.3315923394097222 
2.0 0.3391254318242825 
2.0 0.2984899259868421 
2.0 0.3315923394097222 
2.0 0.33444637501021207 
2.0 0.2936302640145285 
2.0 0.31940129032841436 
2.0 0.33444637501021207 
2.0 0.2936302640145285 
2.0 0.31940129032841436 
2.0 0.33444637501021207 
2.0 0.2936302640145285 
2.0 0.31940129032841436 
2.0 0.33444637501021207 
2.0 0.2936302640145285 
2.0 0.31940129032841436 
2.0 0.33444637501021207 
2.0 0.2936302640145285 
2.0 0.31940129032841436 
2.0 0.33444637501021207 
2.0 0.2936302640145285 
2.0 0.31940129032841436 
2.0 0.33495734276344197 
2.0 0.2947494560375548 
2.0 0.31397777416087963 
2.0 0.33495734276344197 
2.0 0.2947494560375548 
2.0 0.31397777416087963 
2.0 0.33624935080471036 
2.0 0.288421630859375 
2.0 0.3125237811053241 
2.0 0.33624935080471036 
2.0 0.288421630859375 
2.0 0.3125237811053241 
2.0 0.33624935080471036 
2.0 0.288421630859375 
2.0 0.3125237811053241 
2.0 0.33624935080471036 
2.0 0.288421630859375 
2.0 0.3125237811053241 
2.0 0.33624935080471036 
2.0 0.288421630859375 
2.0 0.3125237811053241 
2.0 0.33624935080471036 
2.0 0.288421630859375 
2.0 0.3125237811053241 
2.0 0.33624935080471036 
2.0 0.288421630859375 
2.0 0.3125237811053241 
2.0 0.33624935080471036 
2.0 0.288421630859375 
2.0 0.3125237811053241 
2.0 0.3369432603316877 
2.0 0.28149206328810306 
2.0 0.31235880533854166 
2.0 0.3369432603316877 
2.0 0.28149206328810306 
2.0 0.31235880533854166 
2.0 0.3370064292216659 
2.0 0.2819778817160088 
2.0 0.3083230929904514 
2.0 0.3370064292216659 
2.0 0.2819778817160088 
2.0 0.3083230929904514 
2.0 0.3345209595252267 
2.0 0.28602374160498906 
2.0 0.30688937717013887 
2.0 0.3345209595252267 
2.0 0.28602374160498906 
2.0 0.30688937717013887 
2.0 0.3345209595252267 
2.0 0.28602374160498906 
2.0 0.30688937717013887 
2.0 0.3345209595252267 
2.0 0.28602374160498906 
2.0 0.30688937717013887 
2.0 0.33349176616131554 
2.0 0.28482828776041663 
2.0 0.30150781702112267 
2.0 0.33349176616131554 
2.0 0.28482828776041663 
2.0 0.30150781702112267 
2.0 0.33349176616131554 
2.0 0.28482828776041663 
2.0 0.30150781702112267 
2.0 0.33349176616131554 
2.0 0.28482828776041663 
2.0 0.30150781702112267 
2.0 0.33349176616131554 
2.0 0.28482828776041663 
2.0 0.30150781702112267 
2.0 0.33349176616131554 
2.0 0.28482828776041663 
2.0 0.30150781702112267 
2.0 0.33349176616131554 
2.0 0.28482828776041663 
2.0 0.30150781702112267 
2.0 0.33349176616131554 
2.0 0.28482828776041663 
2.0 0.30150781702112267 
2.0 0.33349176616131554 
2.0 0.28482828776041663 
2.0 0.30150781702112267 
2.0 0.33349176616131554 
2.0 0.28482828776041663 
2.0 0.30150781702112267 
2.0 0.33349176616131554 
2.0 0.28482828776041663 
2.0 0.30150781702112267 
2.0 0.33349176616131554 
2.0 0.28482828776041663 
2.0 0.30150781702112267 
2.0 0.33349176616131554 
2.0 0.28482828776041663 
2.0 0.30150781702112267 
2.0 0.33349176616131554 
2.0 0.28482828776041663 
2.0 0.30150781702112267 
2.0 0.33349176616131554 
2.0 0.28482828776041663 
2.0 0.30150781702112267 
2.0 0.33349176616131554 
2.0 0.28482828776041663 
2.0 0.30150781702112267 
2.0 0.3341713788032632 
2.0 0.2811058927837171 
2.0 0.30042753996672455 
2.0 0.3341713788032632 
2.0 0.2811058927837171 
2.0 0.30042753996672455 
2.0 0.3341713788032632 
2.0 0.2811058927837171 
2.0 0.30042753996672455 
2.0 0.3341713788032632 
2.0 0.2811058927837171 
2.0 0.30042753996672455 
2.0 0.3341713788032632 
2.0 0.2811058927837171 
2.0 0.30042753996672455 
2.0 0.3341713788032632 
2.0 0.2811058927837171 
2.0 0.30042753996672455 
2.0 0.3341713788032632 
2.0 0.2811058927837171 
2.0 0.30042753996672455 
2.0 0.3341713788032632 
2.0 0.2811058927837171 
2.0 0.30042753996672455 
2.0 0.3341713788032632 
2.0 0.2811058927837171 
2.0 0.30042753996672455 
2.0 0.3341713788032632 
2.0 0.2811058927837171 
2.0 0.30042753996672455 
2.0 0.3341713788032632 
2.0 0.2811058927837171 
2.0 0.30042753996672455 
2.0 0.3341713788032632 
2.0 0.2811058927837171 
2.0 0.30042753996672455 
2.0 0.3341713788032632 
2.0 0.2811058927837171 
2.0 0.30042753996672455 
2.0 0.3341713788032632 
2.0 0.2811058927837171 
2.0 0.30042753996672455 
2.0 0.3349780221864314 
2.0 0.2795727324904057 
2.0 0.3004755316840278 
2.0 0.3349780221864314 
2.0 0.2795727324904057 
2.0 0.3004755316840278 
2.0 0.3349780221864314 
2.0 0.2795727324904057 
2.0 0.3004755316840278 
2.0 0.3349780221864314 
2.0 0.2795727324904057 
2.0 0.3004755316840278 
2.0 0.3349780221864314 
2.0 0.2795727324904057 
2.0 0.3004755316840278 
2.0 0.3349780221864314 
2.0 0.2795727324904057 
2.0 0.3004755316840278 
2.0 0.3349780221864314 
2.0 0.2795727324904057 
2.0 0.3004755316840278 
2.0 0.3349780221864314 
2.0 0.2795727324904057 
2.0 0.3004755316840278 
2.0 0.33242537171901076 
2.0 0.2746861079701206 
2.0 0.2985570610894097 
2.0 0.33242537171901076 
2.0 0.2746861079701206 
2.0 0.2985570610894097 
2.0 0.33242537171901076 
2.0 0.2746861079701206 
2.0 0.2985570610894097 
2.0 0.33242537171901076 
2.0 0.2746861079701206 
2.0 0.2985570610894097 
2.0 0.33242537171901076 
2.0 0.2746861079701206 
2.0 0.2985570610894097 
2.0 0.33242537171901076 
2.0 0.2746861079701206 
2.0 0.2985570610894097 
2.0 0.33242537171901076 
2.0 0.2746861079701206 
2.0 0.2985570610894097 
