1.0 26.2948238308107 
1.0 26.203760482341213 
1.0 25.38630481746619 
1.0 25.38630481746619 
1.0 25.014149997142862 
1.0 24.86509198837938 
1.0 24.901492897218745 
1.0 24.901492897218745 
1.0 24.372108522426096 
1.0 24.372108522426096 
1.0 24.050209084162482 
1.0 24.050209084162482 
1.0 24.050209084162482 
1.0 24.050209084162482 
1.0 24.050209084162482 
1.0 24.050209084162482 
1.0 23.922137356520572 
1.0 23.922137356520572 
1.0 23.746186962182755 
1.0 23.746186962182755 
1.0 23.71355091780824 
1.0 23.71355091780824 
1.0 23.571382321419847 
1.0 23.571382321419847 
1.0 23.513088451562194 
1.0 23.513088451562194 
1.0 23.478556372454204 
1.0 23.478556372454204 
1.0 23.430003552926152 
1.0 23.430003552926152 
1.0 23.362082133574237 
1.0 23.362082133574237 
1.0 23.362082133574237 
1.0 23.362082133574237 
1.0 23.362082133574237 
1.0 23.362082133574237 
1.0 23.362082133574237 
1.0 23.362082133574237 
1.0 23.372883034553933 
1.0 23.372883034553933 
1.0 23.372883034553933 
1.0 23.372883034553933 
1.0 23.40290377289538 
1.0 23.40290377289538 
1.0 23.40290377289538 
1.0 23.40290377289538 
1.0 23.40290377289538 
1.0 23.40290377289538 
1.0 23.28446887277121 
1.0 23.28446887277121 
1.0 23.278528307963878 
1.0 23.278528307963878 
1.0 23.278528307963878 
1.0 23.278528307963878 
1.0 23.278528307963878 
1.0 23.278528307963878 
1.0 23.278528307963878 
1.0 23.278528307963878 
1.0 23.284874157238274 
1.0 23.284874157238274 
1.0 23.27088690051472 
1.0 23.27088690051472 
1.0 23.26711244067078 
1.0 23.26711244067078 
1.0 23.26711244067078 
1.0 23.26711244067078 
1.0 23.157971121481083 
1.0 23.157971121481083 
1.0 23.157971121481083 
1.0 23.157971121481083 
1.0 23.157971121481083 
1.0 23.157971121481083 
1.0 23.157971121481083 
1.0 23.157971121481083 
1.0 23.157971121481083 
1.0 23.157971121481083 
1.0 23.157971121481083 
1.0 23.157971121481083 
1.0 23.157971121481083 
1.0 23.157971121481083 
1.0 23.157971121481083 
1.0 23.157971121481083 
1.0 23.14634358702014 
1.0 23.14634358702014 
1.0 23.14634358702014 
1.0 23.14634358702014 
1.0 23.14634358702014 
1.0 23.14634358702014 
1.0 23.14634358702014 
1.0 23.14634358702014 
1.0 23.14634358702014 
1.0 23.14634358702014 
1.0 23.14634358702014 
1.0 23.14634358702014 
1.0 23.14634358702014 
1.0 23.14634358702014 
1.0 23.105003057063712 
1.0 23.105003057063712 
1.0 23.105003057063712 
1.0 23.105003057063712 
1.0 23.105003057063712 
1.0 23.105003057063712 
1.0 23.105003057063712 
1.0 23.105003057063712 
1.0 23.10118111500388 
1.0 23.10118111500388 
1.0 23.10118111500388 
1.0 23.10118111500388 
1.0 23.10118111500388 
1.0 23.10118111500388 
1.0 23.10118111500388 
