0.2 0.6026915311813354 
0.2 0.36520451307296753 
0.2 0.34861671924591064 
0.2 0.34861671924591064 
0.2 0.3461010456085205 
0.2 0.35311758518218994 
0.2 0.3003111481666565 
0.2 0.3003111481666565 
0.2 0.23831957578659058 
0.2 0.23831957578659058 
0.2 0.23328852653503418 
0.2 0.23328852653503418 
0.2 0.23328852653503418 
0.2 0.23328852653503418 
0.2 0.23328852653503418 
0.2 0.23328852653503418 
0.2 0.19871723651885986 
0.2 0.19871723651885986 
0.2 0.2143617868423462 
0.2 0.2143617868423462 
0.2 0.20027315616607666 
0.2 0.20027315616607666 
0.2 0.1946812868118286 
0.2 0.1946812868118286 
0.2 0.1891632080078125 
0.2 0.1891632080078125 
0.2 0.1862776279449463 
0.2 0.1862776279449463 
0.2 0.1846885085105896 
0.2 0.1846885085105896 
0.2 0.18720775842666626 
0.2 0.18720775842666626 
0.2 0.18720775842666626 
0.2 0.18720775842666626 
0.2 0.18720775842666626 
0.2 0.18720775842666626 
0.2 0.18720775842666626 
0.2 0.18720775842666626 
0.2 0.1860121488571167 
0.2 0.1860121488571167 
0.2 0.1860121488571167 
0.2 0.1860121488571167 
0.2 0.18490350246429443 
0.2 0.18490350246429443 
0.2 0.18490350246429443 
0.2 0.18490350246429443 
0.2 0.18490350246429443 
0.2 0.18490350246429443 
0.2 0.18258965015411377 
0.2 0.18258965015411377 
0.2 0.18373972177505493 
0.2 0.18373972177505493 
0.2 0.18373972177505493 
0.2 0.18373972177505493 
0.2 0.18373972177505493 
0.2 0.18373972177505493 
0.2 0.18373972177505493 
0.2 0.18373972177505493 
0.2 0.18347346782684326 
0.2 0.18347346782684326 
0.2 0.18222814798355103 
0.2 0.18222814798355103 
0.2 0.18260782957077026 
0.2 0.18260782957077026 
0.2 0.18260782957077026 
0.2 0.18260782957077026 
0.2 0.18127655982971191 
0.2 0.18127655982971191 
0.2 0.18127655982971191 
0.2 0.18127655982971191 
0.2 0.18127655982971191 
0.2 0.18127655982971191 
0.2 0.18127655982971191 
0.2 0.18127655982971191 
0.2 0.18127655982971191 
0.2 0.18127655982971191 
0.2 0.18127655982971191 
0.2 0.18127655982971191 
0.2 0.18127655982971191 
0.2 0.18127655982971191 
0.2 0.18127655982971191 
0.2 0.18127655982971191 
0.2 0.1810864806175232 
0.2 0.1810864806175232 
0.2 0.1810864806175232 
0.2 0.1810864806175232 
0.2 0.1810864806175232 
0.2 0.1810864806175232 
0.2 0.1810864806175232 
0.2 0.1810864806175232 
0.2 0.1810864806175232 
0.2 0.1810864806175232 
0.2 0.1810864806175232 
0.2 0.1810864806175232 
0.2 0.1810864806175232 
0.2 0.1810864806175232 
0.2 0.18204855918884277 
0.2 0.18204855918884277 
0.2 0.18204855918884277 
0.2 0.18204855918884277 
0.2 0.18204855918884277 
0.2 0.18204855918884277 
0.2 0.18204855918884277 
0.2 0.18204855918884277 
0.2 0.17957860231399536 
0.2 0.17957860231399536 
0.2 0.17957860231399536 
0.2 0.17957860231399536 
0.2 0.17957860231399536 
0.2 0.17957860231399536 
0.2 0.17957860231399536 
