# PLDDT for structure 
0 0.5400299429893494 
1 0.5766552090644836 
2 0.6236806511878967 
3 0.7006258368492126 
4 0.7503506541252136 
5 0.7600275278091431 
6 0.7663447856903076 
7 0.7960920929908752 
8 0.8234429955482483 
9 0.8011720180511475 
10 0.8106866478919983 
11 0.8492198586463928 
12 0.8531589508056641 
13 0.8334932327270508 
14 0.8450264930725098 
15 0.8701560497283936 
16 0.8511631488800049 
17 0.8478378057479858 
18 0.8620172142982483 
19 0.8568006753921509 
20 0.8420596122741699 
21 0.8281951546669006 
22 0.8162091970443726 
23 0.8173471093177795 
24 0.8203004002571106 
25 0.7920207381248474 
26 0.7880892157554626 
27 0.8054990172386169 
28 0.7828409075737 
29 0.7192915081977844 
30 0.6629059910774231 
31 0.5478507280349731 
32 0.5648141503334045 
33 0.5444911122322083 
34 0.4957162141799927 
35 0.5105522871017456 
36 0.5940381288528442 
37 0.6433708071708679 
38 0.6708118319511414 
39 0.688085675239563 
40 0.7446458339691162 
41 0.7966368198394775 
42 0.8201053142547607 
43 0.8348618149757385 
44 0.8450119495391846 
45 0.8574806451797485 
46 0.8747584223747253 
47 0.8840281963348389 
48 0.8853785395622253 
49 0.8824576139450073 
50 0.8811717629432678 
51 0.8881494402885437 
52 0.8726779818534851 
53 0.8584228754043579 
54 0.8540387153625488 
55 0.8495814204216003 
56 0.8210921287536621 
57 0.803148627281189 
58 0.8031754493713379 
59 0.778857409954071 
60 0.7367528080940247 
61 0.7349721193313599 
62 0.7527691721916199 
63 0.7121816277503967 
64 0.7731695175170898 
65 0.7835843563079834 
66 0.822804868221283 
67 0.8112736940383911 
68 0.7976645827293396 
69 0.8197938799858093 
70 0.8286222219467163 
71 0.817746102809906 
72 0.8252246379852295 
73 0.8596933484077454 
74 0.8747438192367554 
75 0.857004702091217 
76 0.8679212927818298 
77 0.8742290735244751 
78 0.8772075772285461 
79 0.8777220845222473 
80 0.8754454255104065 
81 0.8545321226119995 
82 0.8761054277420044 
83 0.8777779936790466 
84 0.8407076597213745 
85 0.8279940485954285 
86 0.8435076475143433 
87 0.833108127117157 
88 0.7812047600746155 
89 0.7922734022140503 
90 0.7898483276367188 
91 0.7650758028030396 
92 0.7339057326316833 
93 0.7329805493354797 
94 0.7312232255935669 
95 0.6362943649291992 
96 0.4730578660964966 
97 0.4533122181892395 
98 0.4368184506893158 
99 0.4571337103843689 
100 0.45019540190696716 
101 0.4183560609817505 
102 0.4927482008934021 
103 0.47073203325271606 
104 0.4447046220302582 
105 0.46193259954452515 
106 0.4855625033378601 
107 0.500426173210144 
108 0.5386324524879456 
109 0.5264014005661011 
110 0.5310990214347839 
111 0.5486727952957153 
112 0.5399477481842041 
113 0.5362077355384827 
114 0.5978893041610718 
115 0.6382927894592285 
116 0.7288662195205688 
117 0.7194381356239319 
118 0.73017817735672 
119 0.7382411956787109 
120 0.7173882126808167 
121 0.7067257761955261 
122 0.7517638802528381 
123 0.7025660276412964 
124 0.7189153432846069 
125 0.6661592721939087 
126 0.7330992221832275 
127 0.7435789108276367 
128 0.7751380801200867 
129 0.7728826999664307 
130 0.77460116147995 
131 0.8123105764389038 
132 0.8055204153060913 
133 0.7968064546585083 
134 0.8028194904327393 
135 0.8027259111404419 
136 0.8067266941070557 
137 0.8013558983802795 
138 0.7941106557846069 
139 0.7826029062271118 
140 0.7863712310791016 
141 0.7936035990715027 
142 0.7793687582015991 
143 0.7860649228096008 
144 0.7921313643455505 
145 0.7925580143928528 
146 0.7853803038597107 
147 0.8141665458679199 
148 0.8221709132194519 
149 0.8161720633506775 
150 0.8320636749267578 
151 0.8506948351860046 
152 0.8496061563491821 
153 0.8552088737487793 
154 0.8593302965164185 
155 0.8627521991729736 
156 0.8554865717887878 
157 0.8738894462585449 
158 0.8651443719863892 
159 0.8429743647575378 
160 0.8593213558197021 
161 0.8510462641716003 
162 0.8092361688613892 
163 0.816182553768158 
164 0.8140859007835388 
165 0.7928394079208374 
166 0.7558887004852295 
167 0.7453224658966064 
168 0.6863749623298645 
169 0.549065351486206 
170 0.5669847726821899 
171 0.6153934597969055 
172 0.6939961910247803 
173 0.7456859946250916 
174 0.766962468624115 
175 0.7766931056976318 
176 0.7946551442146301 
177 0.8302356004714966 
178 0.8238955140113831 
179 0.8226982355117798 
180 0.8529004454612732 
181 0.8821597099304199 
182 0.8677160739898682 
183 0.8551270365715027 
184 0.8865776062011719 
185 0.8958582282066345 
186 0.8753688335418701 
187 0.8695319890975952 
188 0.8729780316352844 
189 0.8673006296157837 
190 0.8349666595458984 
191 0.8063259124755859 
192 0.8000671863555908 
193 0.8035967946052551 
194 0.7763639092445374 
195 0.7250136137008667 
196 0.7059378027915955 
197 0.6253247857093811 
198 0.550983726978302 
199 0.49733906984329224 
200 0.4024464190006256 
201 0.38471558690071106 
202 0.42940741777420044 
203 0.3704019784927368 
204 0.3973892629146576 
205 0.4835911989212036 
206 0.5513366460800171 
207 0.6001452207565308 
208 0.6010189056396484 
209 0.6448962688446045 
210 0.7569604516029358 
211 0.7877118587493896 
212 0.8139313459396362 
213 0.819966197013855 
214 0.8444869518280029 
215 0.875693678855896 
216 0.8805081248283386 
217 0.87473064661026 
218 0.8803020715713501 
219 0.9008579850196838 
220 0.8916418552398682 
221 0.8669826984405518 
222 0.8634864091873169 
223 0.8695071935653687 
224 0.8469939231872559 
225 0.8152756094932556 
226 0.8090587854385376 
227 0.8017928004264832 
228 0.7690337300300598 
229 0.7225362062454224 
230 0.7255158424377441 
231 0.7212417721748352 
232 0.6913040280342102 
233 0.7492774724960327 
234 0.758871853351593 
235 0.8068177700042725 
236 0.7982444763183594 
237 0.7772587537765503 
238 0.8028287887573242 
239 0.8118216395378113 
240 0.7980355620384216 
241 0.8069868087768555 
242 0.8426136374473572 
243 0.8578536510467529 
244 0.8373059630393982 
245 0.8509780168533325 
246 0.8550387620925903 
247 0.8567225933074951 
248 0.8512446284294128 
249 0.8526706695556641 
250 0.8327664732933044 
251 0.8482953310012817 
252 0.8413822650909424 
253 0.8141843676567078 
254 0.8031366467475891 
255 0.803210973739624 
256 0.8008373975753784 
257 0.7583963871002197 
258 0.7747155427932739 
259 0.7619481086730957 
260 0.7443051934242249 
261 0.7173254489898682 
262 0.7162246704101562 
263 0.7044563293457031 
264 0.6298673748970032 
265 0.48390865325927734 
266 0.4945669174194336 
267 0.45759713649749756 
268 0.4284786283969879 
269 0.36980175971984863 
270 0.3837374746799469 
271 0.4068867266178131 
272 0.391318678855896 
273 0.40394192934036255 
274 0.4264126420021057 
275 0.42162656784057617 
276 0.4359890818595886 
277 0.4544737935066223 
278 0.41187819838523865 
279 0.42140090465545654 
280 0.4455806016921997 
281 0.42639732360839844 
282 0.4275658130645752 
283 0.43470484018325806 
284 0.44693657755851746 
285 0.44247692823410034 
286 0.4485456347465515 
287 0.5756338834762573 
288 0.6656237244606018 
289 0.6778971552848816 
290 0.683869481086731 
291 0.7450120449066162 
292 0.7079784870147705 
293 0.7317371964454651 
294 0.6706972718238831 
295 0.7433227300643921 
296 0.767191469669342 
297 0.8015525341033936 
298 0.798779308795929 
299 0.7911391258239746 
300 0.835840106010437 
301 0.8448483943939209 
302 0.85673588514328 
303 0.8330518007278442 
304 0.825722336769104 
305 0.8547518253326416 
306 0.8448547720909119 
307 0.8059354424476624 
308 0.8153606653213501 
309 0.8404927253723145 
310 0.8187134861946106 
311 0.7951893210411072 
312 0.8185316324234009 
313 0.8261955380439758 
314 0.8089563250541687 
315 0.789804220199585 
316 0.8215981125831604 
317 0.8287944197654724 
318 0.8113142251968384 
319 0.8149612545967102 
320 0.8277827501296997 
321 0.8331179618835449 
322 0.8314499258995056 
323 0.8071258068084717 
324 0.801029622554779 
325 0.8159883618354797 
326 0.8254312872886658 
327 0.8020462393760681 
328 0.8033831119537354 
329 0.8221588730812073 
330 0.8038475513458252 
331 0.7697959542274475 
332 0.7833051681518555 
333 0.7829225659370422 
334 0.7556330561637878 
335 0.7160234451293945 
336 0.6970686912536621 
337 0.6463677883148193 
338 0.5712894797325134 
339 0.6074441075325012 
340 0.6652493476867676 
341 0.7272239327430725 
342 0.6838470101356506 
343 0.6984862685203552 
344 0.7425599098205566 
345 0.7495668530464172 
346 0.7156625986099243 
347 0.7405636310577393 
348 0.7868428826332092 
349 0.7514316439628601 
350 0.7675694227218628 
351 0.7739469408988953 
352 0.7805955410003662 
353 0.7414719462394714 
354 0.7773180603981018 
355 0.7688238620758057 
356 0.7829534411430359 
357 0.8114970922470093 
358 0.8258271217346191 
359 0.843697726726532 
360 0.8376099467277527 
361 0.8440244197845459 
362 0.837203323841095 
363 0.8451516032218933 
364 0.8423681259155273 
365 0.819686233997345 
366 0.8138382434844971 
367 0.8312406539916992 
368 0.7940009236335754 
369 0.7679118514060974 
370 0.7790568470954895 
371 0.8186711072921753 
372 0.826521098613739 
373 0.8104643821716309 
374 0.8062818050384521 
375 0.8136101365089417 
376 0.8120986819267273 
377 0.7958937883377075 
378 0.7895119786262512 
379 0.7730372548103333 
380 0.7481052279472351 
381 0.740053653717041 
382 0.6729232668876648 
383 0.6661794185638428 
384 0.6021587252616882 
385 0.6151067018508911 
386 0.6635964512825012 
387 0.5668684244155884 
388 0.5764065384864807 
389 0.6530377268791199 
390 0.6736308336257935 
391 0.7131926417350769 
392 0.7838782668113708 
393 0.8034334182739258 
394 0.8373501896858215 
395 0.8430028557777405 
396 0.828567624092102 
397 0.804160475730896 
398 0.7696837186813354 
399 0.7662118077278137 
400 0.8015419840812683 
401 0.8104686737060547 
402 0.8338420987129211 
403 0.8474720120429993 
404 0.8414294719696045 
405 0.8316192626953125 
406 0.8047889471054077 
407 0.7667223811149597 
408 0.703781247138977 
409 0.6507954597473145 
410 0.6533119678497314 
411 0.658745527267456 
412 0.7245580554008484 
413 0.7846835851669312 
414 0.8136011958122253 
415 0.8294563293457031 
416 0.8199690580368042 
417 0.7194735407829285 
